993103		963.4701666666666	1013.6286666666666	1314.4765	839.7381666666666	871.2133333333334	870.341	892.666	846.3198333333333	869.177	868.4841666666666
993107		871.9046666666667	808.52	1259.1933333333334	825.5665	873.2746666666667	895.1546666666667	897.6535	905.0638333333334	874.4243333333334	839.2593333333333
993121		899.4616666666667	864.6345	1514.4946666666667	842.5631666666667	835.3698333333333	895.1815	820.4371666666667	871.7456666666667	869.0156666666667	845.9726666666667
993137		863.4585	841.2793333333333	1553.6965	830.0298333333334	866.171	1025.5091666666667	1130.4436666666666	926.8766666666667	942.8061666666666	946.9875
993169		1133.8055	913.608	1457.356	825.1846666666667	855.1465	940.1768333333333	847.543	836.9418333333333	850.614	817.2448333333333
993197		866.3075	1056.503	1422.4171666666666	871.0116666666667	855.4218333333333	898.2033333333334	867.1423333333333	873.4711666666667	897.9981666666666	1175.6921666666667
993199		913.7498333333333	861.545	1373.1105	878.3561666666667	849.3336666666667	872.4446666666666	874.3206666666666	864.5281666666667	880.62	849.0996666666666
993203		896.6565	822.897	1208.6406666666667	855.2761666666667	911.3105	1001.4556666666666	868.5523333333333	939.0886666666667	910.075	892.74
993211		995.4266666666666	860.4368333333333	1317.1601666666666	893.1823333333333	892.2488333333333	885.4688333333334	832.5718333333333	894.5456666666666	887.4386666666667	876.7843333333333
993217		879.5148333333333	859.4656666666667	1371.3108333333332	837.7386666666666	844.331	876.9803333333333	856.6545	845.4591666666666	826.2013333333333	883.2978333333333
993233		867.4295	827.9995	1211.4158333333332	881.483	856.11	897.39	835.66	875.9126666666667	870.1191666666666	872.6433333333333
993241		881.547	934.5985	1255.8021666666666	878.818	851.7956666666666	877.814	1008.8705	852.3515	931.1703333333334	859.5786666666667
993247		879.9061666666666	798.8403333333333	1163.8795	849.3355	846.3828333333333	878.5886666666667	871.244	829.4733333333334	827.2245	835.2768333333333
993253		899.5886666666667	861.1656666666667	1290.4346666666668	877.2025	871.0083333333333	891.697	875.4918333333334	853.561	854.3043333333334	846.1951666666666
993269		836.1196666666667	853.3573333333334	1260.4655	898.817	854.1761666666666	890.775	853.0518333333333	863.2558333333334	912.9651666666666	862.9248333333334
993283		869.007	834.2173333333334	1439.8046666666667	996.2168333333333	928.9575	1013.9148333333334	1060.9101666666666	929.155	1011.1458333333334	992.5203333333334
993287		939.884	939.79	1285.728	858.1036666666666	915.6485	957.329	880.2035	844.396	827.8578333333334	880.3365
993319		878.3923333333333	850.5563333333333	1348.123	878.3215	853.8961666666667	897.0766666666667	886.3431666666667	844.4435	832.879	869.051
993323		877.869	1026.198	1774.2641666666666	821.1195	847.8048333333334	865.9653333333333	862.7196666666666	862.8166666666667	867.2636666666667	854.1563333333334
993341		893.2828333333333	982.564	1207.5375	865.3293333333334	872.3976666666666	911.4851666666667	850.9608333333333	858.1393333333333	850.4713333333333	832.0436666666667
993367		891.1526666666666	848.372	1196.6176666666668	865.5036666666666	831.1066666666667	922.982	823.1088333333333	840.2671666666666	867.5415	863.4763333333333
993397		894.0463333333333	850.5673333333333	1195.1088333333332	811.6016666666667	847.8846666666667	866.4333333333333	828.3643333333333	855.6878333333333	849.7008333333333	832.67
993401		964.8053333333334	967.0826666666667	1386.505	848.5253333333334	853.0106666666667	877.4378333333333	824.1695	860.0886666666667	851.5188333333333	865.7448333333333
993407		867.6865	855.6876666666667	1210.949	811.3265	866.2125	883.1911666666666	834.6446666666667	872.5366666666666	821.4916666666667	828.0463333333333
993431		840.3341666666666	829.6543333333333	1099.3016666666667	850.7925	852.5215	853.287	861.9946666666667	843.9753333333333	838.7163333333333	856.8813333333334
993437		947.7706666666667	890.4673333333334	1298.0171666666668	850.2453333333333	844.983	903.4953333333333	844.5881666666667	823.355	848.484	852.7738333333333
993451		886.9256666666666	837.3545	1334.9778333333334	827.6371666666666	846.9088333333333	924.7943333333334	872.994	862.2661666666667	839.8546666666666	857.4856666666667
993467		881.608	860.634	1544.154	968.2608333333334	1041.915	978.8105	916.501	904.2996666666667	934.1466666666666	1008.255
993479		927.8771666666667	818.8728333333333	1325.4381666666666	846.1236666666666	850.9931666666666	915.3818333333334	813.743	876.3181666666667	852.0876666666667	857.6303333333333
993481		885.1831666666667	815.627	1263.7473333333332	830.6556666666667	921.7275	873.3616666666667	856.7823333333333	838.837	932.7241666666666	850.3621666666667
993493		866.831	840.114	1437.2456666666667	857.3465	872.7006666666666	910.0493333333334	868.3966666666666	869.5071666666666	915.8465	929.6203333333333
993527		878.5546666666667	860.7673333333333	1107.082	868.956	869.5475	873.4441666666667	870.9115	841.4466666666667	862.611	848.9155
993541		856.0296666666667	844.6843333333334	1171.503	820.7788333333333	933.8416666666667	863.4006666666667	871.5641666666667	839.8383333333334	843.8501666666667	1102.1186666666667
993557		865.4685	879.8003333333334	1292.2031666666667	849.3653333333333	836.1723333333333	913.6998333333333	869.4801666666667	822.5625	845.6105	991.1525
993589		903.8116666666666	865.725	1476.6753333333334	831.1958333333333	853.4393333333334	870.0491666666667	865.0011666666667	847.992	858.5866666666667	842.2131666666667
993611		910.5288333333333	848.8251666666666	1295.1843333333334	904.5833333333334	851.8031666666667	874.7186666666666	816.5958333333333	867.8653333333333	869.8623333333334	853.9258333333333
993617		881.9398333333334	916.9063333333334	1427.0568333333333	836.2283333333334	871.8176666666667	856.7153333333333	876.112	895.8716666666667	969.0695	886.4251666666667
993647		870.4738333333333	843.3221666666667	1489.1053333333334	841.2301666666667	841.8803333333333	936.5608333333333	864.7506666666667	874.0863333333333	862.6616666666666	883.8606666666667
993679		896.6788333333334	829.9086666666667	1258.602	919.3848333333333	833.0803333333333	935.497	857.323	833.7021666666667	844.1821666666667	849.946
993683		858.6836666666667	982.439	1941.488	927.9563333333333	972.6091666666666	1054.2698333333333	1087.4736666666668	1058.9676666666667	938.556	861.2753333333334
993689		888.9893333333333	835.7063333333333	1285.7883333333334	813.3886666666667	881.6348333333333	893.6186666666666	835.2338333333333	829.5623333333333	886.2205	841.8625
993703		875.525	885.2498333333333	1450.181	860.6578333333333	861.0695	888.3363333333333	859.8658333333333	879.3116666666666	848.7836666666667	861.0013333333334
993763		900.5755	836.5735	1428.227	885.9045	942.4773333333334	945.807	878.775	817.046	842.6248333333333	944.1448333333333
993779		876.5483333333333	867.4891666666666	1244.3738333333333	857.7491666666666	816.5145	931.3411666666667	904.2371666666667	882.9043333333333	885.9218333333333	845.0021666666667
993781		878.6421666666666	805.4786666666666	1227.3671666666667	834.0365	864.1871666666667	857.9933333333333	838.751	841.6008333333333	849.1445	841.4763333333333
993793		851.075	865.103	1194.7296666666666	843.1331666666666	859.0648333333334	970.4976666666666	857.5258333333334	904.182	891.4491666666667	890.3185
993821		848.9285	863.8355	1249.7446666666667	837.3895	872.5433333333333	868.3968333333333	867.4338333333334	848.2893333333334	924.791	834.0711666666666
993823		918.242	816.8356666666666	1304.6946666666668	855.4938333333333	840.2803333333334	848.1168333333334	871.4616666666667	846.9815	826.5698333333333	829.2685
993827		867.2866666666666	861.9925	1344.02	860.4268333333333	927.3818333333334	940.0485	872.892	858.4086666666667	860.3545	849.7298333333333
993841		879.3873333333333	851.4285	1641.2196666666666	841.9146666666667	845.0665	906.7335	854.9278333333333	853.7053333333333	844.7176666666667	908.7008333333333
993851		840.6881666666667	812.4638333333334	1274.8446666666666	804.6385	828.9428333333333	874.074	851.5533333333333	825.2505	823.4483333333334	851.5646666666667
993869		1009.2931666666667	939.0691666666667	1401.4828333333332	990.955	994.5538333333334	992.0071666666666	881.2795	972.7786666666667	869.9831666666666	921.0828333333334
993887		880.7983333333333	865.2518333333334	1184.5236666666667	840.1133333333333	841.9143333333334	899.5266666666666	842.616	839.9303333333334	888.2138333333334	844.1321666666666
993893		859.9988333333333	873.996	1241.9983333333332	829.5903333333333	841.7463333333334	921.9445	867.4696666666666	854.7906666666667	860.542	892.3975
993907		880.4886666666666	819.2915	1317.6828333333333	866.5588333333334	871.106	943.6273333333334	883.4556666666666	877.532	825.5738333333334	862.4796666666666
993913		875.2703333333334	848.4256666666666	1342.6756666666668	849.601	839.4755	894.0325	904.5148333333333	843.3135	892.98	866.2626666666666
993919		874.3908333333334	862.2771666666666	1309.7025	856.9416666666667	858.1161666666667	905.3003333333334	855.7626666666666	893.6376666666666	855.9131666666667	835.1078333333334
993943		892.926	880.0881666666667	1395.4715	816.5336666666667	874.4878333333334	940.3915	875.1255	880.9205	855.9451666666666	867.073
993961		839.9363333333333	837.1395	1347.9736666666668	843.4586666666667	846.5653333333333	873.6775	840.0808333333333	919.6146666666667	852.3603333333333	841.215
993977		843.9115	824.1295	1179.9331666666667	801.2268333333334	847.3726666666666	899.9663333333333	819.5475	884.9671666666667	828.0311666666666	839.5305
993983		902.9185	846.2411666666667	1439.9425	1029.0813333333333	877.7933333333333	928.4493333333334	850.538	859.7483333333333	871.6551666666667	860.348
993997		868.0458333333333	922.2041666666667	1301.0561666666667	820.4363333333333	828.4378333333333	869.1536666666667	836.4066666666666	919.6468333333333	850.1283333333333	874.0643333333334
994013		886.489	845.8273333333333	1566.3791666666666	850.3778333333333	846.3176666666667	874.1678333333333	863.87	853.6273333333334	880.8676666666667	1003.8918333333334
994027		1084.2243333333333	1052.7486666666666	1389.045	999.8268333333333	933.5966666666667	1045.8466666666666	944.7845	884.8838333333333	838.5365	872.7485
994039		853.3123333333333	906.1356666666667	1459.1275	872.9938333333333	853.3998333333333	908.4688333333334	871.3608333333333	844.4773333333334	857.3238333333334	865.6151666666667
994051		871.7635	844.7355	1242.5961666666667	849.5933333333334	883.9708333333333	890.186	814.544	959.215	859.3686666666666	849.4208333333333
994067		913.01	896.0886666666667	1247.579	822.6331666666666	926.4121666666666	908.2275	856.2438333333333	855.8025	844.7161666666667	849.7186666666666
994069		912.287	832.758	1259.0458333333333	833.678	810.5686666666667	923.1655	849.9853333333333	824.7348333333333	866.1318333333334	839.7335
994073		877.9321666666667	822.3946666666667	1218.0468333333333	892.511	882.4603333333333	959.6473333333333	859.6395	872.56	856.081	840.382
994087		946.9336666666667	951.6615	1173.0198333333333	831.1886666666667	857.9805	891.2681666666666	842.2896666666667	836.724	881.5321666666666	867.6365
994093		852.2445	831.0511666666666	1377.0838333333334	863.4951666666667	838.152	953.7178333333334	863.7396666666667	858.4823333333334	862.6025	822.0241666666667
994141		947.2893333333334	835.8696666666667	1168.1905	886.6455	829.6683333333333	876.0845	831.2585	863.8693333333333	845.1998333333333	878.7196666666666
994163		999.2751666666667	882.9116666666666	1261.7425	866.1116666666667	853.8073333333333	895.7148333333333	832.6518333333333	846.7548333333333	862.6815	841.2676666666666
994181		866.5946666666666	877.6283333333333	1333.7363333333333	853.4151666666667	931.3683333333333	849.524	850.4736666666666	867.8993333333333	880.518	863.0296666666667
994183		875.9778333333334	856.0973333333334	1361.2415	827.031	887.3133333333334	923.602	926.2801666666667	860.9175	996.9353333333333	1062.1551666666667
994193		947.2831666666667	898.6351666666667	1398.2223333333334	944.6881666666667	883.0686666666667	995.318	951.952	837.4406666666666	839.1465	828.6236666666666
994199		875.5396666666667	843.425	1360.7445	931.1115	841.5543333333334	852.2236666666666	819.3155	848.3398333333333	832.7935	828.2111666666667
994229		880.9005	879.0913333333333	1512.6715	821.9708333333333	837.3725	881.5661666666666	839.2206666666667	846.3445	893.2916666666666	832.2191666666666
994237		860.5026666666666	828.327	1411.5258333333334	830.1258333333334	852.1583333333333	900.063	808.3138333333334	854.9391666666667	865.313	861.5928333333334
994241		868.0426666666667	877.153	1225.3606666666667	931.5633333333334	854.3541666666666	867.6601666666667	905.7421666666667	779.9455	761.2398333333333	772.4475
994247		774.2933333333333	769.8196666666666	1098.2268333333334	772.1746666666667	762.8043333333334	836.5466666666666	756.8928333333333	781.8901666666667	738.6948333333333	836.2711666666667
994249		799.1836666666667	724.0226666666666	1292.8215	730.6233333333333	754.1223333333334	808.0543333333334	788.2626666666666	776.1511666666667	739.3581666666666	745.7635
994271		739.6211666666667	733.1338333333333	1479.6653333333334	695.9021666666666	751.7946666666667	835.0215	739.4303333333334	739.7878333333333	724.2516666666667	751.2306666666667
994297		753.7495	706.7375	1141.0956666666666	704.382	740.063	760.1481666666666	730.9133333333333	740.7798333333334	736.6711666666666	747.5256666666667
994303		758.0183333333333	731.5061666666667	1183.0486666666666	718.9471666666667	758.4753333333333	772.833	736.6173333333334	734.2596666666667	754.5631666666667	715.2088333333334
994307		771.627	743.2673333333333	1064.4343333333334	750.4558333333333	723.126	786.6415	732.4893333333333	791.6501666666667	726.8248333333333	741.0045
994309		805.9178333333333	718.2626666666666	1163.2338333333332	758.9481666666667	760.5405	759.3015	731.1356666666667	742.6508333333334	731.7171666666667	739.1411666666667
994319		736.9656666666667	764.5351666666667	1298.8905	704.874	762.2708333333334	752.0325	747.619	788.6106666666667	930.6186666666666	809.8715
994321		799.5023333333334	795.4066666666666	1468.8885	820.2615	829.1725	809.1725	804.5203333333334	792.2566666666667	719.7658333333334	750.3261666666667
994337		771.2375	769.8623333333334	1186.6981666666666	746.5526666666667	734.4435	787.7633333333333	740.0548333333334	737.8043333333334	734.5278333333333	757.633
994339		744.6666666666666	811.0665	1263.2763333333332	703.0198333333333	747.2828333333333	759.896	750.0883333333334	757.753	739.802	785.662
994363		765.5956666666667	753.0213333333334	1003.593	735.4248333333334	741.165	816.92	732.9915	799.6276666666666	738.748	722.0476666666667
994369		789.7791666666667	708.6205	1045.1935	709.647	939.4011666666667	841.974	834.0956666666667	747.7905	741.1831666666667	739.2116666666667
994391		806.252	704.0821666666667	1215.7291666666667	707.9188333333333	774.6951666666666	753.9688333333334	755.9078333333333	742.7331666666666	742.5258333333334	740.6256666666667
994393		748.5365	718.746	1045.5021666666667	748.5188333333333	767.358	772.1865	743.4585	735.5868333333333	721.4521666666667	777.9565
994417		746.7458333333333	715.7313333333333	1085.7628333333334	729.1361666666667	715.6523333333333	761.2546666666667	718.7338333333333	743.4506666666666	706.8673333333334	740.371
994447		746.8111666666666	789.1671666666666	1249.4218333333333	712.6766666666666	736.4416666666667	931.8111666666666	1061.823	802.8941666666667	760.9198333333334	733.0066666666667
994453		730.6926666666667	764.8826666666666	1106.6018333333334	707.5908333333333	738.7651666666667	782.2523333333334	1029.082	828.9875	732.7913333333333	738.09
994457		733.9361666666666	719.7706666666667	1040.9375	714.1738333333333	742.9815	766.7741666666667	749.0386666666667	743.3916666666667	775.8046666666667	747.2268333333334
994471		725.9683333333334	719.7898333333334	1068.5441666666666	716.5628333333333	776.0833333333334	769.2953333333334	741.3846666666667	752.844	734.372	728.6773333333333
994489		750.8351666666666	734.1121666666667	1146.1613333333332	736.0966666666667	765.2713333333334	771.7525	714.0465	737.0761666666667	745.0373333333333	766.5718333333333
994501		732.5545	724.7525	1571.52	839.2116666666667	948.9296666666667	1045.4635	1043.7731666666666	958.7141666666666	943.137	932.6783333333333
994549		1000.9615	915.1321666666666	1222.6255	859.1375	867.7445	921.5063333333334	852.1916666666667	863.3086666666667	856.3508333333333	843.1816666666666
994559		876.0668333333333	939.5826666666667	1178.1831666666667	814.1388333333333	830.8423333333334	855.764	881.0306666666667	890.2386666666666	866.3251666666666	844.8328333333334
994561		928.5336666666667	833.631	1346.3965	849.195	853.2401666666667	914.938	845.0551666666667	892.9738333333333	870.4458333333333	830.1771666666667
994571		862.4863333333333	901.2411666666667	1254.9088333333334	849.4806666666667	819.62	979.119	857.1006666666667	839.6998333333333	847.2788333333333	861.4461666666666
994579		867.9728333333334	850.9851666666667	1219.2806666666668	846.3626666666667	858.259	909.5911666666667	862.8633333333333	929.6408333333334	833.204	876.9563333333333
994583		930.0195	832.663	1143.4713333333334	851.6886666666667	841.9136666666667	999.31	994.0331666666667	856.722	954.9878333333334	859.4881666666666
994603		898.5166666666667	864.3586666666666	1242.284	868.8416666666667	852.468	949.9103333333334	822.3546666666666	879.8225	861.9778333333334	832.2991666666667
994621		893.6395	831.732	1220.3513333333333	855.532	866.1825	888.1276666666666	822.898	837.0341666666667	841.7178333333334	862.5033333333333
994657		947.2155	816.7653333333334	1674.5703333333333	854.8006666666666	859.778	892.0963333333333	859.0995	884.362	830.1186666666666	894.016
994663		871.42	870.2935	1232.7333333333333	818.1226666666666	931.6275	871.764	837.0666666666667	869.107	857.5338333333333	854.7828333333333
994667		873.2846666666667	800.2581666666666	1206.4831666666666	844.9133333333333	867.6341666666667	855.1971666666667	870.3168333333333	822.5713333333333	844.7508333333334	905.9213333333333
994691		873.5591666666667	909.9993333333333	1193.2378333333334	913.984	1106.9965	956.464	977.1606666666667	944.4775	981.1943333333334	989.0203333333334
994699		945.6103333333333	939.4365	1303.6346666666666	919.8258333333333	863.4018333333333	858.2233333333334	889.1288333333333	867.8623333333334	851.7843333333333	866.478
994709		867.129	850.0953333333333	1143.4825	816.8358333333333	835.0838333333334	900.216	831.383	855.1408333333334	898.908	852.3935
994711		877.8113333333333	835.3081666666667	1391.8516666666667	838.4985	855.7586666666666	910.1838333333334	886.187	829.895	817.4611666666667	858.4785
994717		869.016	840.2581666666666	1158.0776666666666	1001.6788333333334	1037.025	872.0048333333333	837.0111666666667	853.4628333333334	843.7845	849.213
994723		849.0876666666667	817.0238333333333	1230.2431666666666	850.0781666666667	852.7878333333333	946.0043333333333	875.8765	861.864	926.1595	857.0786666666667
994751		838.1345	823.7921666666666	1406.2961666666667	825.5123333333333	867.145	916.2053333333333	917.498	894.2823333333333	835.269	873.1148333333333
994769		852.1985	852.5446666666667	1336.0105	808.2156666666667	877.4075	936.2725	840.0995	867.5561666666666	857.8511666666667	854.5058333333334
994793		944.1676666666667	830.7981666666667	1135.8781666666666	846.9906666666667	823.0588333333334	868.8801666666667	852.654	873.9663333333333	853.5073333333333	846.7818333333333
994811		892.303	872.0451666666667	1304.146	903.897	861.8548333333333	873.0595	840.8696666666667	840.7096666666666	870.5	848.4126666666667
994813		843.689	831.9561666666667	1301.5011666666667	809.3708333333333	869.9431666666667	874.0491666666667	835.7531666666666	868.3718333333334	858.4178333333333	863.5275
994817		840.828	879.3043333333334	1332.653	838.2818333333333	848.1378333333333	886.4276666666667	838.5343333333333	878.2038333333334	846.4161666666666	837.1998333333333
994831		871.7863333333333	866.9326666666667	1414.4613333333334	1010.9156666666667	933.6981666666667	1008.8456666666667	1034.6998333333333	981.8306666666666	953.4571666666667	945.9821666666667
994837		968.0388333333333	897.1101666666667	1279.8428333333334	820.6985	872.154	861.0128333333333	848.196	846.4248333333334	840.7031666666667	943.9285
994853		870.978	868.9291666666667	1205.8081666666667	850.641	853.1465	893.4451666666666	905.8796666666667	881.3516666666667	870.6201666666667	917.6635
994867		910.4651666666666	853.516	1317.7986666666666	874.1851666666666	877.2468333333334	856.9435	843.8621666666667	837.4106666666667	878.0468333333333	859.1808333333333
994871		861.3846666666667	894.7571666666666	1163.78	836.123	847.6525	942.4915	817.1476666666666	862.7566666666667	838.8158333333333	841.7413333333334
994879		864.7851666666667	853.4406666666666	1389.1635	860.2676666666666	842.78	892.591	892.4446666666666	857.946	853.7253333333333	828.9076666666666
994901		865.1605	836.4781666666667	1543.5576666666666	865.4825	883.938	910.3773333333334	823.0673333333333	846.6453333333334	888.0661666666666	845.1376666666666
994907		881.6363333333334	880.3018333333333	1416.393	831.1916666666667	836.9755	890.9588333333334	901.9656666666667	847.8293333333334	817.5501666666667	858.0668333333333
994913		865.6725	837.7531666666666	1197.511	867.6703333333334	829.7206666666667	922.5311666666666	928.597	850.4641666666666	855.1098333333333	855.5191666666667
994927		886.9276666666667	859.0781666666667	1079.1261666666667	867.5471666666666	815.4868333333334	886.8398333333333	818.5766666666667	856.6736666666667	868.9935	842.1855
994933		867.567	952.7466666666667	1170.0511666666666	862.4861666666667	847.8438333333334	894.008	848.224	816.1606666666667	832.9241666666667	838.8191666666667
994949		1104.9608333333333	964.2068333333333	1213.9366666666667	882.1556666666667	856.4135	999.7498333333333	859.7955	862.2373333333334	829.1626666666667	916.6281666666666
994963		925.4876666666667	844.3183333333334	1404.3253333333334	982.105	961.6633333333333	1005.0726666666667	972.3261666666667	951.7373333333334	949.6693333333334	1059.1816666666666
994991		987.3948333333333	850.952	1313.0898333333334	855.8141666666667	839.7416666666667	972.8846666666667	874.4711666666667	833.0411666666666	839.0535	854.222
994997		877.5733333333334	830.6493333333333	1445.9753333333333	910.0886666666667	926.6148333333333	880.768	844.8363333333333	860.6796666666667	851.8451666666666	870.3645
995009		853.9143333333334	863.1096666666666	1132.5656666666666	825.332	868.003	898.7053333333333	895.759	861.5613333333333	864.6226666666666	930.4215
995023		864.9261666666666	851.9785	1177.1685	851.1255	858.8905	867.944	835.2166666666667	1053.2446666666667	854.3823333333333	878.3443333333333
995051		884.6473333333333	837.6285	1303.3766666666668	956.9778333333334	886.5956666666667	878.1273333333334	823.8048333333334	883.5911666666667	824.8916666666667	879.7308333333333
995053		943.814	894.7863333333333	1475.8188333333333	871.6813333333333	1012.3748333333333	1136.0031666666666	865.018	967.9571666666667	893.4811666666667	898.5535
995081		905.8435	935.3978333333333	1361.9055	881.7456666666667	889.3473333333334	925.0328333333333	898.4121666666666	873.184	915.8781666666666	886.4716666666667
995117		963.5918333333333	867.9803333333333	1576.7633333333333	839.2985	859.8285	883.0818333333333	903.9635	950.0686666666667	987.8103333333333	930.2271666666667
995119		926.4171666666666	857.55	1250.5406666666668	909.4163333333333	884.6481666666666	1013.6561666666666	923.651	897.4936666666666	875.9103333333334	901.4093333333333
995147		897.7855	918.004	1992.0681666666667	883.5933333333334	895.4855	923.1546666666667	900.6968333333333	858.7333333333333	870.9151666666667	1023.2621666666666
995167		916.6241666666666	832.1718333333333	1477.9071666666666	855.5336666666667	827.0758333333333	846.8585	874.9108333333334	924.7311666666667	948.1693333333334	993.0421666666666
995173		1088.2693333333334	1193.2653333333333	1289.5956666666666	1022.5163333333334	1002.6956666666666	894.0738333333334	840.0631666666667	864.4588333333334	842.0125	876.5403333333334
995219		870.4073333333333	877.9183333333333	1227.7831666666666	865.2305	854.8463333333333	874.6215	858.9273333333333	932.2301666666667	875.5351666666667	995.5503333333334
995227		940.582	1106.0215	2184.5518333333334	809.2158333333333	866.4305	867.2183333333334	840.0363333333333	867.0591666666667	882.0458333333333	842.5256666666667
995237		906.3733333333333	891.3825	1745.9558333333334	856.4193333333334	896.1063333333333	875.55	869.6566666666666	864.4496666666666	870.2345	870.6035
995243		903.4498333333333	853.7125	1130.1736666666666	861.8473333333334	876.569	933.2813333333334	854.9038333333333	850.8746666666667	875.4566666666667	870.363
995273		883.9726666666667	836.9971666666667	1120.6828333333333	862.6193333333333	835.5083333333333	891.6523333333333	845.1335	854.1496666666667	855.7155	838.9506666666666
995303		902.749	901.4096666666667	1142.2583333333334	860.9486666666667	831.9446666666666	857.7846666666667	991.213	899.2206666666667	833.935	872.6091666666666
995327		923.6988333333334	837.135	1325.4861666666666	852.6513333333334	893.2216666666667	929.3086666666667	898.209	886.284	885.0268333333333	866.7523333333334
995329		855.0321666666666	836.7595	1198.139	835.0223333333333	836.8305	915.8218333333333	884.4755	819.8903333333334	854.8581666666666	873.1023333333334
995339		936.2203333333333	863.4746666666666	1236.2481666666667	862.4546666666666	823.5193333333333	900.1135	852.5701666666666	851.4778333333334	840.3493333333333	846.6475
995341		888.6331666666666	869.4763333333333	1254.1303333333333	851.2418333333334	844.6231666666666	934.8498333333333	838.4415	857.0368333333333	843.0303333333334	844.1033333333334
995347		862.75	845.1326666666666	1497.5806666666667	835.8423333333334	921.034	1060.5573333333334	927.9045	933.2851666666667	935.5023333333334	999.2283333333334
995363		995.408	823.3471666666667	1264.277	867.7033333333334	875.5186666666667	901.4176666666667	837.6286666666666	910.9328333333333	886.152	868.785
995369		856.6896666666667	837.0775	1405.698	855.3181666666667	875.2893333333334	913.2631666666666	869.6343333333333	848.7338333333333	859.5106666666667	867.1838333333334
995377		871.703	839.4213333333333	1263.4708333333333	853.4366666666666	847.2183333333334	911.316	864.5195	847.7523333333334	821.8271666666667	899.7668333333334
995381		870.7418333333334	819.7955	1309.6771666666666	851.5906666666667	864.5575	868.5521666666667	827.1136666666666	840.0698333333333	870.9098333333334	831.4248333333334
995387		849.4956666666667	842.5036666666666	1591.3831666666667	889.7898333333334	850.6813333333333	863.5393333333334	837.6388333333333	847.3491666666666	859.2263333333333	849.7503333333333
995399		847.8518333333334	836.015	1379.8795	859.514	859.2986666666667	867.271	856.4768333333334	849.0505	910.2108333333333	831.712
995431		853.583	843.2878333333333	1505.268	869.9305	854.7653333333334	935.301	924.7518333333334	835.3218333333333	862.3788333333333	840.9176666666667
995443		887.7596666666667	813.7873333333333	1157.9118333333333	909.866	865.4706666666667	957.6823333333333	842.4736666666666	870.1436666666667	850.5278333333333	855.9891666666666
995447		882.3371666666667	822.3146666666667	1529.404	835.9583333333334	833.0403333333334	921.1973333333333	827.6985	834.9638333333334	919.1706666666666	830.7888333333333
995461		899.1466666666666	890.4043333333333	1288.2128333333333	964.0933333333334	825.7466666666667	889.8571666666667	856.4865	833.6343333333333	880.2033333333334	828.8926666666666
995471		889.7303333333333	822.5533333333333	1416.0996666666667	1150.4181666666666	852.3126666666667	861.018	849.2631666666666	854.3781666666666	835.4406666666666	850.4676666666667
995513		888.4748333333333	851.3505	1133.4591666666668	833.5796666666666	952.3461666666667	1020.2461666666667	976.169	1053.1885	964.7355	888.628
995531		948.8663333333334	997.5456666666666	1314.2268333333334	873.0621666666667	869.725	924.5675	1021.0111666666667	975.3445	1289.7513333333334	782.3125
995539		947.0876666666667	838.9013333333334	1196.3556666666666	880.276	914.3158333333333	914.9473333333333	819.7598333333333	829.1675	821.886	782.2698333333333
995549		771.899	793.6095	1560.2016666666666	722.0933333333334	772.8856666666667	812.766	739.9111666666666	750.6406666666667	979.4591666666666	824.5138333333333
995551		1196.0876666666666	1000.0283333333333	1190.0735	737.4658333333333	901.3673333333334	942.6443333333333	744.842	919.3775	762.2103333333333	761.2061666666667
995567		770.785	834.6568333333333	1134.3468333333333	803.9	773.2711666666667	795.5273333333333	806.1015	789.8785	765.3538333333333	834.2901666666667
995573		813.3676666666667	778.4975	1228.139	766.8438333333334	766.29	758.677	802.3611666666667	844.3703333333333	795.269	766.3143333333334
995587		803.6185	781.6168333333334	1181.4125	792.8521666666667	955.3445	829.2846666666667	837.1845	1140.8333333333333	851.0978333333334	818.7546666666667
995591		835.796	725.164	1249.3678333333332	793.3403333333333	727.28	810.1345	714.6463333333334	736.47	779.8425	791.5556666666666
995593		788.3938333333333	816.551	1225.4253333333334	975.4726666666667	755.0871666666667	795.7378333333334	750.7353333333333	902.9943333333333	831.6973333333333	791.2163333333333
995611		812.6538333333333	802.634	1240.2198333333333	810.1166666666667	793.0548333333334	826.8845	804.7671666666666	927.322	778.321	903.7555
995623		851.3623333333334	811.239	1230.0256666666667	761.5163333333334	866.5833333333334	774.1251666666667	776.6193333333333	799.8871666666666	815.871	944.8475
995641		771.3848333333333	864.5928333333334	1158.601	776.5656666666666	800.786	850.5591666666667	784.1393333333333	810.584	821.4235	962.6866666666666
995651		1136.1548333333333	1258.535	1675.427	1136.8651666666667	1035.1513333333332	974.9058333333334	750.2893333333334	803.6333333333333	768.5385	770.3113333333333
995663		754.6945	780.7416666666667	1142.5675	789.6616666666666	743.095	842.6623333333333	740.5225	951.1688333333333	782.1638333333333	764.3848333333333
995669		808.4746666666666	806.1028333333334	1233.0306666666668	760.7051666666666	783.3511666666667	806.8528333333334	839.0003333333333	792.9351666666666	769.364	833.461
995677		800.6273333333334	791.93	1106.0998333333334	795.597	779.5596666666667	790.7301666666667	769.744	794.037	793.9866666666667	815.6941666666667
995699		845.877	889.4923333333334	1426.3778333333332	748.8946666666667	863.2588333333333	822.728	765.0981666666667	768.4223333333333	778.781	746.9001666666667
995713		738.8021666666667	756.448	1329.4263333333333	834.0195	903.488	970.4988333333333	986.9013333333334	779.4106666666667	773.9546666666666	759.8846666666667
995719		819.5828333333334	815.8131666666667	1688.5481666666667	781.5566666666666	719.4803333333333	779.2096666666666	810.3581666666666	794.2445	942.8493333333333	755.418
995737		770.9743333333333	746.0993333333333	1151.3388333333332	746.1145	818.8686666666666	832.3465	780.6458333333334	823.3713333333334	788.8058333333333	796.3493333333333
995747		806.13	796.5986666666666	1311.6008333333334	748.055	836.9691666666666	927.9365	790.3118333333333	842.339	810.0705	804.7705
995783		805.9426666666667	784.4923333333334	1153.923	796.7321666666667	799.1273333333334	801.9483333333334	799.241	767.3915	792.8811666666667	777.3235
995791		757.964	745.856	1071.0403333333334	721.4866666666667	741.8966666666666	779.4991666666666	731.5443333333334	811.7103333333333	747.9513333333333	802.1043333333333
995801		777.3978333333333	751.8911666666667	1223.5125	815.631	798.8486666666666	857.7056666666666	807.559	779.4658333333333	811.2931666666667	754.5993333333333
995833		820.4453333333333	852.176	1096.3898333333334	757.0233333333333	773.5796666666666	858.4331666666667	897.6503333333334	822.6855	851.5465	833.336
995881		887.3885	920.2561666666667	1165.0041666666666	727.611	922.5451666666667	819.3353333333333	788.4611666666667	750.4673333333334	764.1508333333334	764.545
995887		769.7398333333333	802.377	1058.073	752.0433333333333	728.0188333333333	913.1825	848.6378333333333	773.442	770.6001666666667	758.6775
995903		760.295	782.2711666666667	1087.4908333333333	735.2131666666667	720.0821666666667	809.5066666666667	791.2996666666667	761.9908333333333	790.395	788.4271666666667
995909		798.9305	752.8375	1255.1265	735.6098333333333	793.6441666666667	758.2735	763.6638333333333	775.7786666666667	744.9001666666667	788.035
995927		785.0166666666667	750.2588333333333	1185.3516666666667	904.7375	819.086	781.6686666666667	779.9788333333333	754.0713333333333	775.1068333333334	785.0701666666666
995941		816.4463333333333	795.6501666666667	1144.4795	735.9791666666666	776.3696666666667	804.6055	736.3971666666666	776.8698333333333	768.7461666666667	722.0323333333333
995957		799.402	816.4135	1479.8175	708.3073333333333	746.8905	795.7655	802.2695	781.3758333333334	773.5106666666667	758.79
995959		896.3906666666667	868.1823333333333	1241.0243333333333	1740.3791666666666	837.8165	1676.6686666666667	939.5706666666666	998.8098333333334	804.8856666666667	911.2611666666667
995983		951.5621666666667	806.6453333333334	1132.514	826.3386666666667	808.9281666666667	944.2245	819.5281666666667	767.9485	794.973	746.3105
995987		894.9231666666667	772.4366666666666	1236.3293333333334	813.967	863.3526666666667	919.6041666666666	766.504	805.9341666666667	818.3241666666667	847.2966666666666
995989		784.721	853.5856666666666	1300.1355	948.935	868.4383333333334	953.7983333333333	886.3215	868.6211666666667	796.1948333333333	778.7925
996001		831.7565	745.0378333333333	1293.5626666666667	760.3558333333333	800.4405	857.8748333333333	788.6563333333334	820.3341666666666	811.5665	774.8788333333333
996011		794.9455	844.8216666666667	1320.8455	822.7383333333333	822.8826666666666	846.2236666666666	1061.2431666666666	843.3336666666667	905.5625	881.9865
996019		886.6286666666666	828.7713333333334	1310.7731666666666	773.8953333333334	759.3545	830.549	727.5806666666666	768.8865	760.5293333333333	783.4038333333333
996049		798.1381666666666	798.0308333333334	1278.6201666666666	849.0263333333334	965.3738333333333	850.1406666666667	807.9441666666667	812.7226666666667	797.8628333333334	807.8156666666666
996067		830.6461666666667	886.9308333333333	1316.3038333333334	842.646	848.2561666666667	803.9108333333334	837.5095	788.7855	807.4416666666667	800.157
996103		828.1918333333333	837.8855	1233.6556666666668	786.036	853.8958333333334	898.0675	834.2253333333333	797.7696666666667	744.6525	760.4885
996109		771.6573333333333	726.571	1158.965	756.546	783.3193333333334	796.3371666666667	774.7116666666667	777.4233333333333	754.8816666666667	750.8101666666666
996119		787.7896666666667	740.8215	1166.4746666666667	801.7086666666667	777.1241666666666	749.2951666666667	781.2516666666667	751.1441666666667	786.9185	767.2236666666666
996143		783.4845	746.6988333333334	1402.9983333333332	748.5735	744.1795	794.694	718.6383333333333	788.7126666666667	956.2933333333333	868.3108333333333
996157		802.6566666666666	775.1985	1108.3461666666667	762.8653333333333	777.7306666666667	802.3535	761.9985	782.8986666666667	768.8285	812.1113333333333
996161		799.364	731.2661666666667	1184.2596666666666	719.9465	773.8005	821.3053333333334	797.2866666666666	783.2083333333334	789.6531666666667	766.9236666666667
996167		736.6623333333333	746.9325	1430.1308333333334	743.2125	795.6761666666666	825.052	755.232	825.6728333333333	782.948	778.4125
996169		779.3518333333334	812.8166666666667	1250.9585	735.5786666666667	730.2508333333334	770.3873333333333	767.5895	739.1075	748.1143333333333	805.5395
996173		763.5703333333333	791.499	1182.6698333333334	744.9551666666666	743.2573333333333	772.2425	736.9898333333333	830.4778333333334	783.0518333333333	852.0208333333334
996187		813.2453333333333	818.1218333333334	1655.7001666666667	922.5986666666666	941.2271666666667	868.6006666666667	819.0135	812.1673333333333	810.6871666666667	909.8093333333334
996197		977.6115	763.3601666666667	1223.0815	826.7556666666667	735.813	990.9968333333334	910.5363333333333	763.4205	757.7031666666667	772.4345
996209		958.356	855.049	1183.8066666666666	746.7845	893.722	843.9715	853.0801666666666	773.2528333333333	932.114	1023.8941666666667
996211		903.7238333333333	804.1936666666667	1240.5648333333334	814.508	870.638	1077.8831666666667	794.9465	772.5518333333333	777.1043333333333	738.0628333333333
996253		750.5923333333334	768.2978333333333	1019.6956666666666	726.1786666666667	820.0523333333333	764.8558333333333	758.3806666666667	744.1988333333334	802.802	734.1095
996257		772.438	742.1315	1109.399	705.1616666666666	728.8846666666667	773.0315	741.8403333333333	752.95	786.3138333333334	750.1448333333333
996263		765.0525	802.54	1284.7563333333333	804.0283333333333	884.9998333333333	966.1946666666666	883.2671666666666	882.271	828.9551666666666	786.418
996271		796.0511666666666	753.0093333333333	1121.6116666666667	728.4466666666667	807.9666666666667	792.3641666666666	774.6736666666667	892.9056666666667	801.9308333333333	815.9215
996293		827.5276666666666	771.1135	1106.8513333333333	797.7405	802.834	799.7028333333334	804.3165	801.576	772.8575	747.2615
996301		855.3491666666666	793.2968333333333	1104.6585	930.81	819.5765	830.0868333333333	806.732	799.2273333333334	787.904	814.4995
996311		827.2468333333334	825.8658333333333	1107.9708333333333	808.9561666666667	796.8401666666666	923.6123333333334	773.6613333333333	782.9743333333333	885.2956666666666	867.5793333333334
996323		785.8623333333334	744.9691666666666	1159.077	736.3678333333334	756.2803333333334	840.8656666666667	834.1811666666666	776.4911666666667	797.9801666666667	806.1303333333333
996329		826.5185	783.0306666666667	1162.5815	807.3138333333334	783.563	869.3343333333333	747.5136666666667	782.1028333333334	775.4875	787.6818333333333
996361		883.6018333333334	926.7705	1362.6061666666667	926.9778333333334	809.2791666666667	831.4001666666667	828.3196666666666	977.6225	878.2718333333333	817.3323333333333
996367		874.8146666666667	832.4513333333333	1221.0645	758.7121666666667	811.3388333333334	832.8406666666667	809.9985	818.4478333333333	868.9781666666667	808.6381666666666
996403		801.3865	789.5758333333333	1203.3421666666666	730.5683333333334	777.8033333333333	770.0058333333334	807.9685	775.827	757.463	790.5883333333334
996407		773.5718333333333	751.0818333333333	1147.5715	713.0446666666667	801.7525	793.6098333333333	803.0475	774.8315	829.7818333333333	806.576
996409		824.892	810.3886666666667	1348.546	801.6796666666667	809.565	863.4923333333334	785.8146666666667	753.6438333333333	764.0766666666667	797.1198333333333
996431		758.6	741.8058333333333	1100.0101666666667	798.2715	801.0456666666666	851.0608333333333	780.7036666666667	826.88	743.5678333333333	859.5571666666667
996461		781.8898333333333	770.3905	1109.6385	752.1956666666666	751.1455	765.942	746.6375	732.885	755.7723333333333	744.5311666666666
996487		823.9816666666667	788.7571666666666	1195.3348333333333	754.8335	796.0291666666667	927.582	796.2093333333333	804.5643333333334	776.018	744.1201666666667
996511		826.9681666666667	823.6975	1193.799	777.5416666666666	820.068	868.5606666666666	809.1036666666666	808.7223333333334	768.9556666666666	807.1728333333333
996529		795.7815	815.4945	1132.1373333333333	806.2728333333333	793.8383333333334	862.6413333333334	819.7743333333333	804.5393333333334	841.123	822.8671666666667
996539		816.4698333333333	764.7551666666667	1390.801	729.4533333333334	756.3338333333334	785.2993333333334	762.2353333333333	840.2643333333333	738.317	770.7451666666667
996551		780.1986666666667	749.294	1079.2938333333334	734.9518333333333	783.1063333333333	806.8681666666666	810.3761666666667	805.636	866.6811666666666	771.9345
996563		844.941	786.8833333333333	1204.1458333333333	828.7633333333333	789.0925	765.2696666666667	748.2333333333333	815.1843333333334	804.4615	789.1945
996571		785.6058333333333	934.1331666666666	1214.6243333333334	789.5438333333333	868.5176666666666	896.6078333333334	970.0443333333334	1076.8018333333334	1038.3538333333333	1018.7631666666666
996599		924.1618333333333	770.8485	1360.1065	796.9115	834.1765	808.6971666666667	789.4256666666666	798.612	854.3175	775.2758333333334
996601		817.1821666666667	763.8118333333333	1081.215	735.2618333333334	828.8703333333333	736.9333333333333	744.5805	743.5596666666667	773.0388333333333	750.5651666666666
996617		810.1401666666667	755.146	1442.4053333333334	762.2095	824.9216666666666	822.0815	736.2598333333333	944.721	787.4806666666667	849.0045
996629		864.8585	922.7311666666667	2184.0781666666667	761.561	776.3536666666666	957.4258333333333	787.0583333333333	806.7526666666666	757.5145	766.363
996631		750.9811666666667	785.4041666666667	1056.3403333333333	806.5098333333333	773.9265	897.5451666666667	820.1488333333333	771.381	819.6303333333333	885.2135
996637		817.9966666666667	811.1286666666666	1139.4701666666667	836.0945	815.06	824.7986666666667	792.6315	759.5476666666667	862.9485	808.8053333333334
996647		832.2896666666667	813.8216666666667	1238.2956666666666	782.4833333333333	788.3253333333333	834.8096666666667	792.6783333333333	744.5345	809.5105	780.5723333333333
996649		790.2456666666667	757.5876666666667	1218.1991666666668	736.5775	810.0566666666666	822.6098333333333	796.0955	826.212	797.8021666666667	810.9706666666667
996689		780.2016666666667	969.6358333333334	1829.9676666666667	837.7286666666666	838.5656666666666	936.0003333333333	846.4883333333333	816.6981666666667	846.5226666666666	793.0203333333334
996703		787.9975	855.4726666666667	1828.6118333333334	747.1248333333333	795.8376666666667	869.0713333333333	813.6846666666667	790.851	804.4413333333333	799.9638333333334
996739		810.9806666666667	810.8315	1271.3025	786.88	794.8401666666666	867.6988333333334	872.6366666666667	774.6405	800.0683333333334	827.3648333333333
996763		901.0951666666666	890.837	1517.6761666666666	823.6626666666667	856.1736666666667	922.885	841.0086666666666	968.4705	885.748	970.9398333333334
996781		838.7996666666667	911.4436666666667	1564.043	900.856	888.4383333333334	923.0686666666667	866.4531666666667	842.621	838.534	844.7465
996803		825.4726666666667	804.7766666666666	1152.031	767.0693333333334	767.2968333333333	840.249	835.7833333333333	804.3436666666666	807.9766666666667	804.415
996811		1078.8111666666666	765.022	1400.3871666666666	734.2135	747.5713333333333	836.9803333333333	784.0308333333334	761.7095	755.8351666666666	799.3551666666667
996841		801.2208333333333	768.4061666666666	1504.8641666666667	838.8365	865.326	963.444	907.2095	802.3081666666667	867.2915	797.4643333333333
996847		803.9578333333334	746.421	1216.9876666666667	754.389	812.7196666666666	828.95	803.869	823.6513333333334	781.6998333333333	807.2776666666666
996857		804.0608333333333	769.75	1414.2455	779.48	776.1285	823.7913333333333	786.776	796.1093333333333	766.2156666666667	744.7058333333333
996859		788.0123333333333	782.7006666666666	988.3135	845.093	727.6858333333333	768.1745	806.3636666666666	775.7438333333333	796.6425	760.8111666666666
996871		796.5878333333334	730.4648333333333	1247.692	752.9976666666666	763.6215	783.0766666666667	721.0213333333334	769.9756666666667	780.4838333333333	771.5955
996881		804.9533333333334	804.1603333333334	1642.333	704.5826666666667	784.7503333333333	784.1756666666666	741.7275	763.7388333333333	762.2848333333334	752.106
996883		775.193	744.4456666666666	1615.5305	702.3971666666666	756.6748333333334	831.6591666666667	750.2183333333334	783.1931666666667	763.0056666666667	753.3636666666666
996887		783.6181666666666	736.1315	1091.1171666666667	747.1245	727.6778333333333	791.803	782.0193333333333	788.627	762.6748333333334	787.0368333333333
996899		788.8288333333334	728.4718333333333	1186.506	756.238	747.8785	828.01	762.8876666666666	760.6315	767.6971666666667	724.571
996953		760.2203333333333	721.9141666666667	1102.3303333333333	724.0596666666667	791.2496666666667	912.4371666666667	831.2113333333333	756.8236666666667	767.3275	876.384
996967		871.4643333333333	728.8563333333333	1237.1586666666667	776.9488333333334	739.2715	804.5771666666667	746.7248333333333	777.3978333333333	765.9895	741.9496666666666
996973		738.9853333333333	719.178	1023.9138333333333	716.974	719.55	748.8601666666667	804.5498333333334	733.1348333333333	767.7118333333333	719.495
996979		755.5898333333333	720.0635	1260.747	807.1826666666667	789.4773333333334	829.1771666666667	780.1493333333333	832.8371666666667	745.8516666666667	748.9258333333333
997001		763.3953333333334	724.777	1383.1375	735.1315	740.2831666666667	807.1045	755.5028333333333	802.0413333333333	746.45	786.7966666666666
997013		757.4055	840.826	1037.4108333333334	745.6371666666666	784.586	811.6545	779.579	779.1291666666667	729.126	793.0868333333333
997019		801.9443333333334	724.0908333333333	1184.3035	720.3295	778.6496666666667	753.4128333333333	754.3425	768.1131666666666	750.722	798.9623333333333
997021		770.7146666666666	805.5705	1220.8886666666667	772.8336666666667	814.1831666666667	885.8643333333333	779.5286666666667	796.2863333333333	755.5113333333334	789.408
997037		816.6	800.7526666666666	1147.4815	786.4053333333334	781.2896666666667	797.418	796.6795	772.6328333333333	758.7686666666667	785.3916666666667
997043		799.0378333333333	818.0055	1253.7203333333334	755.8711666666667	781.7758333333334	813.1473333333333	791.3438333333334	773.5668333333333	847.714	756.1093333333333
997057		770.5805	743.4928333333334	1268.8305	782.8006666666666	780.0213333333334	767.4041666666667	801.435	808.5481666666667	829.1585	826.9223333333333
997069		793.568	739.1323333333333	1139.0193333333334	732.5076666666666	788.4528333333334	792.0163333333334	800.8933333333333	788.1583333333333	817.6916666666667	805.3115
997081		791.7325	808.3373333333333	1282.4976666666666	782.5536666666667	841.4825	796.6946666666666	780.3863333333334	767.282	741.9356666666666	749.5306666666667
997091		753.6548333333334	802.0013333333334	1260.2103333333334	741.8395	771.498	803.1255	811.8251666666666	801.5546666666667	914.1146666666667	894.5268333333333
997097		1004.2648333333333	868.1361666666667	1545.1813333333334	793.6813333333333	807.1346666666667	829.8776666666666	742.7131666666667	880.2013333333333	752.1275	746.4495
997099		759.828	731.9663333333333	1345.699	705.6491666666667	732.2725	871.9138333333333	783.894	774.3246666666666	737.2605	764.6663333333333
997103		758.8711666666667	756.5878333333334	1213.1645	786.045	769.5333333333333	833.5443333333334	758.8596666666666	761.1666666666666	747.5981666666667	859.039
997109		749.9155	833.0996666666666	1245.2865	766.5471666666666	799.8236666666667	812.9885	757.4961666666667	731.8593333333333	763.8346666666666	757.8531666666667
997111		767.6875	770.585	1395.24	778.1681666666667	796.0838333333334	822.5281666666667	782.1353333333333	786.1726666666667	823.1706666666666	762.6926666666667
997121		820.2435	775.3771666666667	1248.6563333333334	780.6153333333333	764.9666666666667	779.0678333333333	806.8043333333334	804.1986666666667	854.4415	799.0781666666667
997123		753.4865	769.4118333333333	1244.603	773.8028333333333	820.0288333333333	834.8746666666667	796.3211666666666	797.2615	810.9196666666667	764.6075
997141		769.7143333333333	797.8978333333333	1083.6228333333333	748.317	770.8566666666667	763.2795	770.121	774.6165	754.7235	768.3176666666667
997147		789.8171666666667	757.2373333333334	1190.7436666666667	766.8601666666667	744.2553333333333	761.7293333333333	756.0635	753.4785	831.8996666666667	759.7023333333333
997151		792.8018333333333	749.517	1637.328	727.8283333333334	837.7058333333333	789.2905	870.0205	747.7701666666667	802.3926666666666	753.0806666666666
997153		816.857	762.4948333333333	1127.6453333333334	785.4358333333333	793.0296666666667	851.5226666666666	781.0913333333333	789.1211666666667	800.5266666666666	781.8615
997163		818.8373333333333	760.21	1456.437	788.6771666666667	788.6755	821.9585	804.7421666666667	779.4036666666667	825.0583333333333	780.8091666666667
997201		788.4941666666666	771.0673333333333	1490.0063333333333	878.6108333333333	837.5418333333333	792.509	795.2386666666666	814.434	982.9681666666667	850.6953333333333
997207		875.0806666666666	826.0983333333334	1372.0961666666667	844.8203333333333	800.7773333333333	910.958	858.4448333333333	798.6188333333333	784.7056666666666	795.6436666666667
997219		798.4125	764.7143333333333	1087.9976666666666	842.1478333333333	771.3763333333334	864.1391666666667	748.1715	795.5825	783.5673333333333	802.1641666666667
997247		806.9295	800.311	1267.679	810.0231666666666	817.7041666666667	831.3741666666666	783.4431666666667	745.5508333333333	801.4043333333333	775.7543333333333
997259		846.0813333333333	760.7763333333334	1095.2925	775.409	753.4093333333333	806.5903333333333	788.9583333333334	787.9235	771.8483333333334	750.038
997267		780.332	751.0213333333334	1143.9853333333333	808.8471666666667	772.5061666666667	825.9358333333333	785.6396666666667	759.6923333333333	825.74	784.1686666666667
997273		808.7315	820.4036666666667	1067.8715	758.7233333333334	734.9106666666667	754.2181666666667	770.4515	770.3073333333333	815.1338333333333	737.9766666666667
997279		799.3765	773.6018333333334	1139.3026666666667	825.3756666666667	769.745	825.8595	753.0151666666667	757.5775	771.2591666666667	825.8771666666667
997307		833.818	792.2821666666666	1377.0581666666667	793.7818333333333	783.732	811.7268333333334	798.238	781.327	768.3735	825.6831666666667
997309		842.2078333333334	817.3533333333334	1372.5141666666666	812.5146666666667	861.0215	832.7078333333334	755.7143333333333	806.4308333333333	747.1915	827.212
997319		780.4701666666666	758.085	1205.1876666666667	815.3996666666667	826.4265	897.8055	795.8738333333333	738.7291666666666	802.239	810.487
997327		802.0348333333334	833.0986666666666	1372.1981666666666	747.008	761.175	867.3086666666667	807.8291666666667	775.4148333333334	818.755	791.085
997333		885.0356666666667	772.371	1059.1153333333334	754.2976666666667	830.4756666666667	849.5325	827.5936666666666	821.0068333333334	765.0376666666667	789.624
997343		828.7803333333334	784.071	1116.4198333333334	824.699	790.7288333333333	827.5338333333333	823.8645	843.8596666666666	852.8181666666667	880.1025
997357		1002.0316666666666	825.284	1351.0445	863.3676666666667	950.9511666666667	864.7186666666666	860.7741666666667	903.714	861.767	872.5921666666667
997369		884.5823333333333	887.4178333333333	1245.8043333333333	863.8596666666666	823.9088333333333	769.7093333333333	1514.1013333333333	1185.437	1027.5223333333333	810.4671666666667
997379		792.0293333333333	906.714	1955.4735	908.7728333333333	823.107	1167.2071666666666	1795.8453333333334	959.006	1162.9798333333333	982.2138333333334
997391		898.3051666666667	820.543	1215.6	751.9938333333333	755.5133333333333	813.055	776.6333333333333	791.89	800.6808333333333	749.2465
997427		751.6023333333334	895.2185	1320.8523333333333	783.5441666666667	813.3998333333333	819.0	768.0596666666667	845.5788333333334	915.5545	792.3175
997433		862.1916666666667	808.9258333333333	1274.0188333333333	859.1433333333333	954.9233333333333	990.5286666666667	984.2823333333333	938.601	754.1366666666667	784.2523333333334
997439		788.93	763.9266666666666	1365.7743333333333	780.0095	786.1795	891.2905	758.5416666666666	797.1923333333333	813.6781666666667	748.9696666666666
997453		799.9473333333333	771.4091666666667	1098.383	820.7698333333333	737.1961666666666	809.6398333333333	773.6763333333333	776.6236666666666	756.114	731.6976666666667
997463		783.1651666666667	730.7236666666666	1093.8353333333334	739.3791666666667	736.8033333333333	838.9068333333333	737.253	757.9518333333333	802.9716666666667	769.3533333333334
997511		742.6788333333334	810.274	1238.7063333333333	843.9631666666667	840.6016666666667	810.9053333333334	788.621	780.4786666666666	756.6896666666667	782.4956666666667
997541		797.822	726.5621666666667	1299.3026666666667	727.9128333333333	776.4258333333333	783.9906666666667	926.314	1011.4925	970.2796666666667	755.0361666666666
997547		846.7311666666667	702.437	1449.5673333333334	733.5786666666667	743.0873333333333	776.7953333333334	807.319	921.9061666666666	781.837	813.9906666666667
997553		960.315	874.7133333333334	1299.6263333333334	800.9185	879.6328333333333	973.6825	909.9593333333333	896.8533333333334	889.469	827.7543333333333
997573		817.9818333333334	817.8538333333333	1140.9008333333334	780.3213333333333	826.9665	791.798	854.5383333333333	755.4016666666666	770.9036666666667	809.7803333333334
997583		856.5355	783.7633333333333	1092.4446666666668	735.6711666666666	825.0225	813.4065	804.2468333333334	793.3745	854.5413333333333	757.082
997589		816.8483333333334	765.1418333333334	1401.576	756.537	811.4256666666666	871.2568333333334	779.3545	777.5836666666667	840.8596666666666	819.2695
997597		773.4776666666667	839.9075	1606.0513333333333	801.3088333333334	908.196	843.5898333333333	852.5278333333333	818.6496666666667	785.5976666666667	862.8706666666667
997609		813.8925	776.117	1237.243	801.5238333333333	753.3081666666667	774.7805	831.37	789.8488333333333	789.71	834.3755
997627		827.7985	747.0818333333333	1478.085	740.3725	775.0378333333333	783.2773333333333	803.392	827.6811666666666	832.4293333333334	831.2928333333333
997637		765.9148333333334	805.6775	1318.2741666666666	780.2478333333333	870.489	787.0563333333333	803.3911666666667	776.5388333333333	830.5	788.0941666666666
997649		777.4526666666667	787.9445	1427.0331666666666	766.5381666666667	750.8923333333333	779.3476666666667	1005.0206666666667	759.1993333333334	771.0583333333333	772.6925
997651		916.3673333333334	747.6105	1224.6401666666666	747.8731666666666	802.3655	836.759	759.4333333333333	752.3415	755.7053333333333	753.562
997663		795.4715	772.4463333333333	1516.9086666666667	748.6748333333334	757.8621666666667	788.0768333333333	817.2983333333333	785.0406666666667	764.2405	804.5633333333334
997681		843.2305	796.0905	1475.1478333333334	757.1975	795.5385	851.4926666666667	793.0563333333333	805.6551666666667	782.8323333333333	805.282
997693		815.8291666666667	777.5865	1101.8268333333333	766.2646666666667	759.303	823.8363333333333	803.0033333333333	760.7848333333334	880.8358333333333	814.2605
997699		877.6675	916.2433333333333	1277.8161666666667	782.4681666666667	855.467	853.3001666666667	913.641	924.4283333333333	871.0108333333334	800.5268333333333
997727		813.7168333333333	771.0041666666667	1255.786	795.9121666666666	783.456	804.6256666666667	780.5776666666667	810.985	859.784	788.0516666666666
997739		775.1751666666667	767.1393333333333	1166.7446666666667	806.6046666666666	770.7166666666667	884.4615	791.338	803.4548333333333	770.4666666666667	764.2485
997741		784.4813333333333	738.228	1204.795	782.8388333333334	789.7383333333333	781.3703333333333	786.8291666666667	782.304	826.8416666666667	772.5993333333333
997751		840.811	789.0506666666666	1335.1696666666667	801.079	818.7156666666667	922.4405	797.656	785.9851666666667	815.7395	735.8265
997769		853.7778333333333	762.6531666666667	1488.8958333333333	767.6631666666667	793.8933333333333	860.3298333333333	800.2178333333334	756.6668333333333	785.0825	801.6578333333333
997783		845.9488333333334	789.6118333333334	1437.0326666666667	744.5303333333334	732.99	781.9431666666667	762.4283333333333	774.137	763.2818333333333	762.298
997793		781.6381666666666	793.9838333333333	1127.7386666666666	751.075	816.1538333333333	797.3426666666667	785.8568333333334	768.0083333333333	853.9948333333333	800.9825
997807		769.5483333333333	782.3398333333333	1089.2126666666666	828.4743333333333	797.7378333333334	788.2268333333334	811.8823333333333	788.669	767.0865	782.2138333333334
997811		779.3056666666666	773.9925	1287.1308333333334	716.7513333333334	744.4216666666666	772.5518333333333	708.7371666666667	769.0386666666667	766.0221666666666	790.5626666666667
997813		761.2328333333334	760.564	1128.9008333333334	716.0435	814.8673333333334	834.8845	773.7226666666667	778.5201666666667	801.0548333333334	804.7783333333333
997877		759.1986666666667	732.5568333333333	1179.3496666666667	710.5776666666667	787.1033333333334	823.5848333333333	824.5045	808.3738333333333	793.674	922.221
997879		925.9706666666667	818.8885	1278.6321666666668	837.6018333333334	892.4411666666666	836.5716666666667	796.6086666666666	827.8155	974.5898333333333	926.3503333333333
997889		968.6621666666666	891.909	1338.9291666666666	908.6181666666666	785.8415	957.0293333333333	929.7763333333334	821.8885	876.4273333333333	823.0838333333334
997891		792.5121666666666	769.8528333333334	1049.4775	772.331	737.6385	808.4053333333334	761.6535	775.5545	840.6701666666667	806.3748333333333
997897		840.6175	850.4793333333333	1102.308	790.511	793.1461666666667	865.6001666666667	778.2125	836.9428333333333	842.69	752.7988333333333
997933		790.4478333333333	795.9356666666666	1296.9005	786.7665	815.5835	798.7548333333333	832.48	801.8598333333333	800.7558333333334	804.3166666666667
997949		820.4068333333333	835.6163333333334	1253.5866666666666	793.563	866.1355	839.4011666666667	813.935	825.1406666666667	769.18	803.0105
997961		770.3156666666666	764.6505	1284.6803333333332	786.8048333333334	753.7196666666666	837.5211666666667	749.9703333333333	782.6103333333333	798.0351666666667	770.4823333333334
997963		795.073	797.3041666666667	1788.5011666666667	772.5175	838.2531666666666	891.324	801.8861666666667	820.8095	821.9601666666666	1038.3273333333334
997973		944.7331666666666	831.5036666666666	1208.1611666666668	745.5545	1185.5878333333333	898.212	890.4095	1331.6125	1020.344	1166.5901666666666
997991		1275.2943333333333	1021.1001666666667	1853.6086666666667	1145.4001666666666	894.9328333333333	988.1075	718.1433333333333	747.6983333333334	773.7748333333333	715.3896666666667
998009		775.8693333333333	728.6381666666666	1077.5416666666667	731.5813333333333	781.7426666666667	773.75	796.3771666666667	749.7901666666667	806.1783333333333	725.7681666666666
998017		777.9788333333333	782.5591666666667	1332.8091666666667	878.5556666666666	828.9246666666667	835.5701666666666	805.3861666666667	823.6741666666667	905.6585	950.1123333333334
998027		742.8445	794.2598333333333	1335.6511666666668	763.4381666666667	782.3498333333333	829.4028333333333	720.8598333333333	789.758	734.1661666666666	766.9808333333333
998029		900.5406666666667	881.1946666666666	1226.514	821.2755	817.8845	902.2686666666667	831.0471666666666	852.2463333333334	805.8746666666667	812.31
998069		924.4723333333334	950.6966666666667	1306.1446666666666	829.6693333333334	849.8071666666667	820.5646666666667	920.4801666666667	809.0296666666667	786.545	814.657
998071		835.1526666666666	796.7765	1346.1748333333333	823.2208333333333	939.5986666666666	918.3213333333333	780.9806666666667	821.2708333333334	789.9193333333334	840.931
998077		787.5431666666667	820.4056666666667	1535.6096666666667	776.392	822.5181666666666	849.286	808.1108333333333	835.7028333333334	856.1471666666666	784.0085
998083		797.6268333333334	779.9873333333334	1271.5841666666668	743.4371666666667	776.1991666666667	817.2253333333333	799.463	753.2115	796.4895	761.464
998111		759.7878333333333	776.0095	1142.6298333333334	730.334	806.0786666666667	807.0713333333333	774.356	733.5963333333333	743.7891666666667	776.6536666666667
998117		765.104	768.343	1317.7238333333332	709.4966666666667	736.2461666666667	798.0001666666667	738.793	763.7263333333333	731.253	849.7308333333333
998147		812.13	777.0908333333333	1295.4063333333334	734.8228333333333	746.1996666666666	844.8351666666666	808.2831666666667	755.1873333333333	773.9143333333334	804.431
998161		833.0773333333333	753.7715	1428.6058333333333	711.8676666666667	797.4408333333333	805.7255	821.8583333333333	776.816	771.303	775.636
998167		760.8565	782.2695	1080.2695	718.5698333333333	747.4008333333334	770.577	764.8666666666667	738.7463333333334	765.458	761.1315
998197		745.2465	718.0671666666667	1618.3681666666666	753.1225	736.0415	764.3698333333333	728.7826666666666	908.9523333333333	733.5551666666667	761.2638333333333
998201		756.578	727.566	1067.3156666666666	742.8631666666666	725.1208333333333	754.0806666666666	718.9968333333334	850.8501666666667	785.8751666666667	820.9253333333334
998213		897.4988333333333	769.9951666666667	1131.1796666666667	873.7323333333334	772.1875	843.2343333333333	812.1205	759.2345	850.6865	811.7318333333334
998219		995.5803333333333	1005.3048333333334	1373.5348333333334	1028.3061666666667	1035.3601666666666	950.1396666666667	859.2291666666666	950.6463333333334	1209.5086666666666	942.5463333333333
998237		884.3475	861.059	1638.4413333333334	970.4846666666666	838.0621666666667	861.3915	807.4015	843.237	866.9115	799.3721666666667
998243		816.4013333333334	828.2345	1149.6926666666666	744.4956666666667	770.6016666666667	831.627	761.8601666666667	793.3323333333333	794.4681666666667	765.6488333333333
998273		804.031	761.6581666666667	1120.71	798.149	804.2173333333334	817.6871666666667	792.1423333333333	773.1635	739.9733333333334	740.8885
998281		849.4893333333333	767.6206666666667	1517.4643333333333	776.0261666666667	743.142	844.2656666666667	815.5946666666666	754.7288333333333	770.8941666666667	835.9288333333334
998287		866.8963333333334	749.3798333333333	1110.7976666666666	747.9473333333333	802.5691666666667	788.0463333333333	819.3748333333333	865.4705	770.9046666666667	755.648
998311		894.2335	752.3943333333333	1618.5663333333334	722.31	756.9311666666666	797.553	833.2245	802.4176666666667	756.3516666666667	770.9493333333334
998329		743.966	741.9105	1041.5585	776.259	736.3693333333333	806.9925	753.0456666666666	762.0641666666667	781.8868333333334	725.7448333333333
998353		773.1353333333333	774.7	1080.6403333333333	795.121	778.4836666666666	786.9266666666666	757.7075	761.7555	774.8848333333333	745.5411666666666
998377		785.5488333333333	734.874	1096.3861666666667	903.4551666666666	753.3885	782.0533333333333	767.8371666666667	734.4821666666667	795.5121666666666	733.7123333333333
998381		837.8245	746.6766666666666	1266.2946666666667	733.1048333333333	751.9338333333334	761.2045	752.3495	758.6978333333333	790.0173333333333	760.6401666666667
998399		795.5063333333334	734.2523333333334	1170.2238333333332	778.7703333333334	787.1238333333333	865.6343333333333	848.9736666666666	793.3036666666667	781.768	807.4158333333334
998411		799.3621666666667	792.9186666666667	1363.7623333333333	734.1166666666667	814.452	824.5235	916.4505	863.0713333333333	836.2583333333333	941.2826666666666
998419		902.6371666666666	808.3636666666666	1375.8471666666667	915.2686666666667	873.7028333333334	817.0908333333333	930.1366666666667	953.5358333333334	779.7278333333334	799.2723333333333
998423		767.0435	752.177	1549.2988333333333	711.1771666666667	787.0685	801.6933333333334	873.5011666666667	775.7735	804.8016666666666	795.8925
998429		805.4448333333333	782.9326666666667	1159.4581666666666	776.9816666666667	808.7341666666666	909.6093333333333	784.1923333333333	795.1625	757.8731666666666	801.6486666666667
998443		781.0458333333333	751.7275	1390.6543333333334	769.5026666666666	791.5226666666666	826.6831666666667	817.6076666666667	756.8791666666667	779.1723333333333	739.7233333333334
998471		762.3011666666666	748.3575	1423.0671666666667	784.145	870.5088333333333	913.2388333333333	885.547	908.749	882.2373333333334	875.2938333333333
998497		917.258	928.3628333333334	1329.3398333333334	855.8155	831.1268333333334	819.2963333333333	758.3395	785.7145	779.4288333333334	755.9811666666667
998513		775.0873333333333	762.1633333333333	1065.4246666666666	781.2626666666666	763.868	772.483	768.8081666666667	785.6395	829.1476666666666	794.8973333333333
998527		843.8733333333333	803.5706666666666	1010.7268333333334	734.2768333333333	781.5871666666667	767.6348333333333	745.8995	747.659	733.9145	734.6016666666667
998537		790.2396666666667	806.4708333333333	1574.3751666666667	741.4693333333333	775.8031666666667	792.2421666666667	813.5536666666667	732.3436666666666	750.4315	777.2671666666666
998539		770.4865	714.6005	1619.3495	791.611	783.4355	809.6128333333334	816.1731666666667	751.3528333333334	761.8436666666666	799.1033333333334
998551		787.8488333333333	830.9933333333333	1273.3466666666666	727.2221666666667	769.5081666666666	783.0715	727.318	725.4191666666667	776.9373333333333	785.9645
998561		737.3015	796.9996666666667	1435.7433333333333	789.9628333333334	853.7096666666666	866.8806666666667	790.4705	819.6973333333333	785.3565	796.0575
998617		819.8355	787.2938333333333	1313.2831666666666	786.3766666666667	772.6506666666667	831.3178333333333	766.2036666666667	867.1381666666666	999.943	842.1005
998623		812.3925	895.4278333333333	1468.6781666666666	964.371	870.9048333333334	1028.1231666666667	778.4611666666667	791.1215	803.3856666666667	792.2533333333333
998629		807.0725	773.2155	1417.2938333333334	766.7583333333333	810.4055	846.878	783.602	806.5208333333334	774.115	811.4276666666667
998633		820.8008333333333	835.1438333333333	1203.842	881.1473333333333	804.3648333333333	791.6103333333333	770.0258333333334	779.4511666666667	832.5611666666666	793.0866666666667
998651		791.5006666666667	824.4945	1257.5068333333334	730.228	802.863	772.3238333333334	762.639	814.9951666666667	748.4613333333333	776.438
998653		766.406	800.6465	1077.4243333333334	799.9	794.2205	834.5511666666666	785.6595	745.113	739.4565	782.4003333333334
998681		753.802	750.3323333333333	1302.5858333333333	830.3523333333334	803.5991666666666	980.8483333333334	986.1978333333333	992.1465	832.856	800.4996666666667
998687		926.6646666666667	765.0371666666666	1185.37	895.0236666666667	847.7491666666666	1068.0673333333334	783.902	762.6715	748.181	754.4795
998689		883.9376666666667	890.57	1477.534	772.5761666666667	803.9118333333333	866.6281666666666	778.3383333333334	752.7025	895.123	908.761
998717		922.8193333333334	879.8011666666666	1257.782	724.3418333333333	782.6263333333334	841.6585	776.8588333333333	764.6091666666666	757.2135	795.9118333333333
998737		765.3801666666667	874.1083333333333	1444.2061666666666	750.7281666666667	758.7955	834.3535	777.6158333333333	737.1333333333333	787.9901666666667	795.64
998743		843.9806666666667	743.7186666666666	1616.7883333333334	767.7401666666667	780.8176666666667	918.2591666666667	958.1743333333334	898.923	854.4136666666667	803.1045
998749		761.7541666666667	732.761	1136.2	766.8343333333333	725.6448333333333	837.3876666666666	739.046	761.2425	750.1685	758.337
998759		855.5928333333334	756.7471666666667	1272.7363333333333	743.1843333333334	974.9206666666666	990.1235	804.8091666666667	886.7766666666666	875.6555	842.7526666666666
998779		792.919	855.3136666666667	1627.0645	814.2646666666667	797.129	773.4078333333333	821.7525	822.4431666666667	798.5898333333333	805.2421666666667
998813		877.4316666666666	791.808	1050.3106666666667	785.3231666666667	794.9961666666667	763.6363333333334	786.363	781.4308333333333	815.21	724.3663333333334
998819		817.3953333333334	730.9891666666666	1170.1383333333333	833.1653333333334	1532.1615	1030.4085	894.3485	867.2861666666666	1576.1355	1067.119
998831		846.5151666666667	1504.4908333333333	1287.351	817.4863333333333	773.9173333333333	815.3223333333333	760.2541666666667	792.7631666666666	762.7833333333333	759.6221666666667
998839		810.9485	760.1413333333334	1331.671	789.3228333333333	833.9591666666666	864.328	752.2236666666666	781.573	806.3305	829.2176666666667
998843		993.7703333333334	778.4208333333333	2138.0978333333333	728.5346666666667	832.1546666666667	967.3888333333333	793.5118333333334	774.4455	741.0351666666667	773.8805
998857		782.6421666666666	770.8685	1191.7885	765.5141666666667	904.2256666666667	846.4658333333333	766.4468333333333	840.9413333333333	740.934	781.609
998861		768.3236666666667	781.9543333333334	1110.7811666666666	761.3711666666667	766.9403333333333	779.3331666666667	768.9471666666667	783.4723333333334	750.06	776.388
998897		936.0873333333333	933.4063333333334	1691.9361666666666	888.2703333333334	1066.3508333333334	813.4873333333334	793.3991666666667	864.369	801.3793333333333	803.0836666666667
998909		792.3136666666667	788.4013333333334	1077.7461666666666	774.3931666666666	743.6563333333334	788.4406666666666	738.0851666666666	779.3008333333333	753.5645	809.0626666666667
998917		881.2591666666667	830.744	1463.9658333333334	804.9025	819.0383333333333	866.6481666666666	793.0845	793.851	924.748	910.8158333333333
998927		899.2505	763.3096666666667	1082.249	799.746	811.429	907.631	973.8196666666666	1005.8338333333334	1040.7666666666667	1027.3235
998941		998.223	973.9725	1500.9795	1017.6823333333333	973.7783333333333	921.0786666666667	886.0196666666667	943.2463333333334	961.355	887.6553333333334
998947		935.1816666666666	863.9435	1357.7731666666666	852.3138333333334	942.1038333333333	809.7638333333333	815.2153333333333	899.4283333333333	917.556	923.9361666666666
998951		990.8786666666666	938.37	1783.7853333333333	920.3321666666667	873.1843333333334	903.5693333333334	933.161	894.5221666666666	885.596	751.7625
998957		864.3751666666667	742.5353333333334	1346.6081666666666	761.1273333333334	954.4875	962.5753333333333	916.4263333333333	883.1433333333333	1075.6068333333333	1185.9396666666667
998969		980.3595	893.9043333333333	1314.495	883.6415	952.4496666666666	950.9261666666666	901.8678333333334	976.4623333333333	761.519	827.0585
998983		979.1376666666666	835.812	1654.9563333333333	943.0855	901.6398333333333	861.3488333333333	784.7355	789.1156666666667	844.381	877.9991666666666
998989		819.6903333333333	835.468	1313.7925	792.23	819.5513333333333	841.7441666666666	843.6926666666667	1130.9721666666667	1137.5578333333333	922.915
999007		846.4173333333333	812.6046666666666	1176.4868333333334	919.1051666666667	911.167	873.113	925.613	933.6585	861.1343333333333	783.7776666666666
999023		928.5211666666667	930.1691666666667	1728.146	812.3603333333333	852.4988333333333	1032.9968333333334	881.3983333333333	948.628	903.4453333333333	804.15
999029		829.9698333333333	994.3178333333333	1378.5466666666666	1121.8751666666667	758.8786666666666	900.1448333333333	871.3601666666667	819.3728333333333	774.268	838.8611666666667
999043		812.0306666666667	743.794	1425.7983333333334	744.8675	809.018	847.5643333333334	868.159	1157.9961666666666	777.6708333333333	724.1693333333334
999049		768.7588333333333	825.3245	1198.9151666666667	877.3223333333333	889.4706666666667	920.5711666666666	836.4256666666666	763.1233333333333	792.6995	742.2226666666667
999067		965.134	784.9231666666667	1168.5606666666667	809.5868333333333	773.8085	816.9993333333333	747.5091666666667	772.9368333333333	751.9433333333334	958.2501666666667
999083		827.1421666666666	802.7041666666667	1341.9696666666666	846.7051666666666	804.923	795.8951666666667	742.3836666666666	753.7305	1071.3275	821.4188333333333
999091		816.1685	1300.6435	2181.6321666666668	1231.1931666666667	1350.606	1208.5958333333333	975.6421666666666	817.9133333333333	1135.4681666666668	1505.1383333333333
999101		1537.8793333333333	987.6116666666667	1479.6935	1077.3173333333334	1162.6928333333333	1037.0701666666666	774.6225	845.9891666666666	926.6685	898.2628333333333
999133		998.1865	796.476	1033.7783333333334	800.2413333333334	764.5085	815.5821666666667	788.9156666666667	855.2446666666667	788.242	1182.4495
999149		1371.9173333333333	1960.3341666666668	3185.0385	1920.3553333333334	1891.9518333333333	1688.0481666666667	840.0253333333334	1478.688	1265.3508333333334	1543.7631666666666
999169		1072.124	1740.8593333333333	1620.2706666666666	1680.6081666666666	1614.8446666666666	1540.2128333333333	1082.7723333333333	1007.8073333333333	1266.0956666666666	1138.9426666666666
999181		1208.2888333333333	1241.6976666666667	2394.400833333333	1121.5365	1172.5463333333332	1203.0341666666666	1032.792	1237.238	1200.1191666666666	1095.9655
999199		1121.5553333333332	1266.5093333333334	1543.0526666666667	1203.2336666666667	992.7033333333334	1035.9361666666666	1016.8363333333333	976.2345	995.3788333333333	837.8276666666667
999217		858.2808333333334	861.1101666666667	1755.8885	846.173	1147.864	1116.2815	1058.6528333333333	890.3471666666667	886.3818333333334	873.8668333333334
999221		955.8803333333333	932.4816666666667	1138.697	778.6283333333333	801.9493333333334	889.4661666666667	794.59	821.2161666666667	826.0916666666667	825.9201666666667
999233		808.2705	780.9223333333333	1164.7371666666666	769.0355	782.6605	851.9135	814.7921666666666	815.2735	750.568	754.0168333333334
999239		740.6463333333334	731.4915	1126.5763333333334	820.3116666666666	928.4606666666666	934.1816666666666	938.0405	832.5056666666667	842.0656666666666	803.2818333333333
999269		797.5388333333333	831.297	1070.6243333333334	799.4608333333333	751.6746666666667	812.0971666666667	756.089	754.7008333333333	774.6663333333333	780.1593333333333
999287		778.4868333333334	759.8115	1562.6868333333334	886.4238333333333	1000.8056666666666	1389.3551666666667	1079.2515	1188.0403333333334	1055.7831666666666	1057.9261666666666
999307		1047.551	779.4846666666666	1455.7393333333334	834.76	829.3083333333333	877.9948333333333	844.8901666666667	803.0138333333333	807.6455	927.747
999329		917.2191666666666	797.092	1332.7953333333332	870.6033333333334	862.673	868.5615	800.6061666666667	979.3496666666666	1094.1011666666666	1168.283
999331		1029.2891666666667	865.5505	1275.5725	828.9545	837.0313333333334	835.7251666666667	856.3603333333333	802.9323333333333	796.1993333333334	812.013
999359		833.1665	830.577	1013.9513333333333	806.0205	815.9671666666667	812.2478333333333	1174.6536666666666	850.6875	832.9916666666667	1093.8616666666667
999371		962.2735	971.8835	1670.9478333333334	806.2505	802.0958333333333	926.2196666666666	826.206	757.2906666666667	835.7898333333334	938.3218333333333
999377		859.8256666666666	777.0921666666667	1767.3821666666668	769.9465	963.8565	1041.4068333333332	840.4601666666666	804.3095	812.3245	817.2875
999389		818.271	784.651	1233.7191666666668	1013.245	996.6563333333334	854.9256666666666	911.288	879.858	766.2581666666666	858.0875
999431		833.7305	764.8288333333334	1277.6103333333333	814.5855	768.1731666666667	843.5955	756.769	762.7726666666666	794.4345	774.8293333333334
999433		788.4015	913.72	1413.1485	872.752	1093.9231666666667	895.2858333333334	800.86	926.486	857.34	1140.6565
999437		1035.72	957.6528333333333	1776.9896666666666	884.6778333333333	844.4816666666667	1152.244	1055.9296666666667	1042.2303333333334	1259.8225	1125.6843333333334
999451		1193.8815	1267.066	1910.9873333333333	1080.8963333333334	1622.666	1176.3125	1069.325	1162.0745	877.568	819.3808333333334
999491		868.1116666666667	833.9166666666666	1419.4221666666667	874.4841666666666	813.3931666666666	1093.6961666666666	750.8808333333334	826.1456666666667	1136.7661666666668	925.718
999499		1152.0791666666667	820.4393333333334	1319.5263333333332	811.0498333333334	793.7403333333333	841.0843333333333	812.6638333333333	800.154	879.583	760.5893333333333
999521		791.0243333333333	871.8473333333334	1204.9315	846.4591666666666	789.6175	793.523	1030.2108333333333	870.3318333333333	803.5956666666667	753.8546666666666
999529		777.8543333333333	753.231	1217.7415	851.4073333333333	779.9151666666667	796.9265	737.4481666666667	775.7078333333334	816.9835	867.1178333333334
999541		837.4653333333333	818.084	1198.0546666666667	804.3816666666667	806.2701666666667	804.3163333333333	772.9225	778.2815	795.8326666666667	787.3751666666667
999553		803.5986666666666	806.3728333333333	1132.8276666666666	757.1005	799.5425	873.0998333333333	743.0873333333333	765.3215	780.0315	748.2116666666667
999563		752.6788333333334	798.009	1465.4745	800.2093333333333	792.3011666666666	771.7296666666666	852.3246666666666	787.0793333333334	973.2776666666666	850.8298333333333
999599		814.2385	780.6631666666667	1471.1065	882.4395	874.657	849.3901666666667	904.1216666666667	849.5655	833.5841666666666	773.031
999611		919.448	840.3336666666667	1138.9021666666667	799.7631666666666	751.977	864.4715	859.6155	766.2796666666667	762.4548333333333	821.563
999613		807.4355	756.9505	1108.4483333333333	764.7896666666667	777.3568333333334	824.183	862.0833333333334	872.9435	887.1225	830.0355
999623		875.9123333333333	889.721	1919.9848333333334	764.7375	761.2651666666667	862.4568333333333	778.6573333333333	779.5888333333334	789.3433333333334	769.1011666666667
999631		812.3623333333334	820.7895	1257.6621666666667	812.7863333333333	791.7295	773.506	790.6025	816.7705	796.6836666666667	834.4253333333334
999653		799.8663333333334	746.6503333333334	2071.6133333333332	855.6388333333333	878.7165	894.0331666666667	807.524	838.6195	853.2186666666666	899.8538333333333
999667		774.746	779.0665	1285.2183333333332	772.5586666666667	933.5241666666667	954.353	832.0796666666666	772.6735	780.7251666666667	745.8826666666666
999671		736.4553333333333	742.1845	1080.9751666666666	771.2161666666667	737.0595	803.3591666666666	803.3215	816.6391666666667	803.8038333333334	781.7575
999683		736.0995	746.0853333333333	1415.781	738.0236666666667	782.7398333333333	819.5001666666667	825.3318333333333	768.5306666666667	917.0203333333334	900.2256666666667
999721		923.2545	860.2778333333333	1223.4721666666667	799.6305	774.9605	825.037	764.7376666666667	773.0065	777.7871666666666	769.5985
999727		774.696	759.5835	988.4891666666666	734.3681666666666	748.9191666666667	786.6521666666666	733.9925	752.541	777.8631666666666	774.9981666666666
999749		813.046	796.7	1382.6445	983.0433333333333	750.6663333333333	854.5828333333334	803.5101666666667	816.087	801.5801666666666	764.093
999763		799.714	799.1118333333334	1486.749	760.7728333333333	778.3046666666667	839.4696666666666	799.8333333333334	825.5406666666667	935.6876666666667	862.5676666666667
999769		806.3905	1071.2743333333333	2035.1808333333333	901.1131666666666	849.8666666666667	879.0211666666667	819.4303333333334	781.5856666666666	769.902	829.6265
999773		827.5013333333334	792.3623333333334	1787.2958333333333	787.4763333333333	802.1975	804.457	803.2965	753.0246666666667	773.2136666666667	775.0425
999809		780.1573333333333	812.6261666666667	1828.4131666666667	814.3558333333333	963.0271666666666	938.5925	828.6318333333334	845.2883333333333	823.3851666666667	810.9136666666667
999853		851.909	772.5686666666667	1325.2975	813.8263333333333	810.8376666666667	833.7101666666666	800.6346666666667	830.6846666666667	815.7196666666666	845.396
999863		818.141	810.6628333333333	1273.0741666666668	740.186	786.7303333333333	836.4643333333333	951.053	815.6406666666667	777.1001666666667	774.5941666666666
999883		779.3135	822.3295	1433.157	774.3765	819.672	981.8028333333333	851.824	815.9768333333334	752.2278333333334	841.5531666666667
999907		823.038	808.8148333333334	1310.0638333333334	768.6423333333333	808.0966666666667	754.9906666666667	799.7155	777.3666666666667	790.8061666666666	778.4975
999917		826.4171666666666	874.9711666666667	1611.5305	778.8796666666667	753.1225	814.8175	775.4331666666667	806.7905	804.6035	751.8258333333333
999931		764.2655	754.6151666666667	1108.9291666666666	767.516	737.1426666666666	843.8556666666667	770.0628333333333	851.298	760.4703333333333	768.61
999953		761.5535	757.127	1855.2778333333333	787.7466666666667	806.2971666666666	878.0803333333333	836.127	840.1485	796.121	865.0981666666667
999959		818.3881666666666	731.1846666666667	1615.7295	783.15	834.5423333333333	833.09	771.4928333333334	777.992	860.3501666666667	809.7373333333334
999961		816.9186666666667	820.3838333333333	1268.2813333333334	764.566	862.3098333333334	870.4126666666667	852.1476666666666	888.6313333333334	816.887	746.1536666666667
999979		757.0433333333333	878.2245	1581.2438333333334	861.2246666666666	916.4646666666666	839.6125	901.2431666666666	841.4985	837.5668333333333	883.4226666666667
999983		825.6058333333333	764.3135	1704.4261666666666	858.6765	814.1276666666666	910.6798333333334	793.6111666666667	779.2081666666667	818.3148333333334	822.9885
