1	1	1189.2916666666667	1075.347	929.7671666666666	709.994165	710.5831666666667	712.5134983333334	708.6496683333334	706.7106666666666	729.7601666666667	722.8195
1	50000	712.299	683.029165	687.1993333333334	755.8949983333333	746.822	718.0115016666666	713.0765	720.1628333333333	706.2051666666666	796.9961666666667
1	99999	677.4961666666667	688.5553333333334	686.9485	705.2945016666666	704.5715	714.5045	736.8339983333333	715.9411666666666	736.6385	708.7246666666666
1	149998	670.6085016666667	691.7273333333334	686.1748316666667	735.1440016666667	718.8696666666667	808.0204983333333	742.9273333333333	726.797	715.5596666666667	711.2933333333333
1	199997	674.6186683333333	677.7186666666666	673.3065	699.178335	736.0258333333334	709.7975016666667	709.2233316666667	710.3860016666666	714.488	706.1253333333333
1	249996	677.232165	672.3288333333334	701.9746666666666	687.3495	701.9503333333333	699.1238333333333	696.1368333333334	701.8386666666667	704.8233333333334	692.3785
1	299995	675.4244983333333	678.8835	673.2264983333333	699.0593333333334	700.5118333333334	705.9208316666667	706.9665	716.7871666666666	753.2164983333333	707.4269983333334
1	349994	683.4925	699.6704983333333	670.2470016666666	697.4310016666667	694.2763316666667	720.5725	707.4061666666666	709.5396666666667	691.7651666666667	713.3625
1	399993	679.24	675.138	682.0976666666667	748.8836666666666	703.3471666666667	706.5338333333333	701.006835	705.4591666666666	707.0175	783.8746666666667
1	449992	916.8003316666667	730.2713316666667	665.9325	706.3356666666666	697.5283333333333	701.0048333333333	695.0113333333334	701.5581666666667	706.173835	703.9368316666666
1	499991	669.166	702.0385	675.4621666666667	703.1673333333333	712.6671666666666	708.1676666666667	698.7564983333333	705.2941666666667	702.1519983333334	749.1746666666667
1	549990	669.6106666666667	667.3163333333333	684.0681666666667	709.1123333333334	703.5633333333334	739.0379983333333	698.8063333333333	715.7248333333333	714.8613333333333	705.8385
1	599989	663.7466666666667	685.9778333333334	769.3116683333334	747.9935016666667	739.2005	702.050335	850.281165	761.6465	796.1248333333333	748.9958333333333
1	649988	724.6208316666666	747.652	660.0053333333333	703.4635	721.2418333333334	722.3811666666667	707.3041666666667	704.2291666666666	716.9326683333334	718.4996666666667
1	699987	677.4988333333333	675.6394983333333	681.057	691.093	703.4103333333334	711.8146666666667	701.2916666666666	717.0696666666666	706.442	702.6588333333333
1	749986	670.6876666666667	662.1411666666667	669.5556666666666	693.6728333333333	711.5570016666667	699.7581666666666	687.2135	698.7673333333333	699.3559983333333	712.7111666666667
1	799985	672.1233316666667	671.3233316666667	672.1688333333333	696.1955	699.7925	699.306335	715.669	698.7473333333334	701.977	706.0743333333334
1	849984	672.2158333333333	668.7481683333333	669.5915	713.6813333333333	698.3733333333333	719.0826666666667	704.6816666666666	754.3791666666667	706.1044983333334	710.682165
1	899983	678.6048333333333	666.5016666666667	682.3441666666666	704.3558333333333	699.6526666666666	759.1183333333333	714.1776666666667	704.2505	715.1355	707.106835
1	949982	670.510835	674.048335	671.4568316666666	712.0115	707.5251666666667	710.0616666666666	708.1893333333334	713.6931666666667	723.9613333333333	713.206335
1	999981	691.9925016666666	700.2990016666666	686.3618333333334	694.7786666666667	738.6135	714.5206666666667	701.6268316666667	705.5748316666667	699.402	714.2895
50000	1	716.0830016666666	679.7783333333333	671.0981666666667	715.2441666666666	703.3631666666666	702.8821666666666	706.5915	711.5531666666667	701.3796666666667	715.1433333333333
50000	50000	699.8851666666667	703.556835	693.8411666666667	760.015335	741.3016666666666	731.3943333333333	728.3615016666666	736.2255	733.499835	741.4186683333334
50000	99999	688.9589983333333	676.772	673.0351666666667	707.4121666666666	703.4998333333333	705.6738333333333	699.1631666666667	700.097	717.9505	708.5396666666667
50000	149998	679.597	669.2983333333333	691.9393333333334	719.955665	729.1603333333334	713.121165	707.6023333333334	723.1446683333334	730.4971666666667	718.1243333333333
50000	199997	670.4236666666667	670.886835	669.1228316666667	699.272835	697.0583316666666	704.0416666666666	745.0111666666667	722.6796666666667	720.688335	725.6598333333334
50000	249996	678.9604983333334	679.1153333333333	697.2135	718.0839983333333	707.883	714.4486666666667	696.265335	707.692	722.46	707.085335
50000	299995	687.1736666666667	667.4546666666666	673.898835	709.0878333333334	696.278665	699.4716666666667	747.8981666666666	764.799	770.3773333333334	788.3154983333334
50000	349994	786.5348333333334	716.1325	703.8581666666666	726.4315	774.649	699.4499983333334	781.9079983333334	740.4369983333333	700.8416666666667	707.5988316666667
50000	399993	677.2056666666666	697.3241683333333	676.956	704.7508333333334	706.523	717.4193333333334	708.3266666666667	721.2526666666666	692.5171666666666	736.5121666666666
50000	449992	680.551665	673.5223333333333	683.5845	692.401335	697.210165	710.4178316666666	711.7674983333334	698.2013333333333	694.8808333333334	704.2153333333333
50000	499991	691.7081666666667	678.2103316666667	659.702665	703.769	713.8296683333333	712.0165	706.3038333333334	702.8771666666667	815.9235	701.960665
50000	549990	674.54	669.4236666666667	664.2113333333333	702.9081666666667	697.3333316666667	712.9906683333334	702.1935	750.5628333333333	714.7750016666666	722.2728333333333
50000	599989	675.2168333333333	685.7005	666.8756666666667	694.7263333333333	703.6215	712.2626683333333	698.671165	725.3061666666666	715.6280016666667	720.8558316666666
50000	649988	676.2343316666667	667.001335	696.6511683333333	698.2529983333334	704.3431666666667	711.5925	720.5786683333333	711.2740016666667	718.3401666666666	709.7748333333333
50000	699987	672.0025016666667	675.3843333333333	665.2115	694.7931666666667	704.2165	702.420335	689.5126666666666	721.4889983333334	703.8225	707.9713316666666
50000	749986	667.013335	664.4620016666667	666.2855	711.2206666666667	712.4166683333333	711.7648333333333	695.7686666666667	704.7113333333333	701.2718316666667	709.202
50000	799985	665.845	684.9740016666667	670.1708333333333	699.6046666666666	698.214	711.5076666666666	730.3181683333333	707.2001666666666	707.7906666666667	705.6398333333333
50000	849984	667.5115	664.3898333333333	674.3241666666667	695.57	722.0438333333333	707.2161666666667	698.9785	782.9228316666666	698.5056666666667	717.3829983333334
50000	899983	671.8151666666666	669.3206666666666	676.4596666666666	705.6055	712.0770016666667	752.3855	705.4868333333334	708.2415	759.4104983333333	719.0403333333334
50000	949982	672.1193333333333	663.788	665.0998333333333	693.7863333333333	692.7433333333333	706.1118333333334	694.259165	694.2465	695.2475016666667	705.7095016666667
50000	999981	677.8378333333334	678.1951666666666	655.560335	695.655165	710.0833316666667	714.5770016666667	704.1293333333333	697.6786666666667	699.4844983333334	704.9098333333334
99999	1	686.2803333333334	666.8911666666667	657.3068333333333	708.419665	707.6028316666667	714.9371666666667	697.3721666666667	697.2835	701.120835	710.6393316666666
99999	50000	672.5768316666666	746.1755	747.0866666666667	761.9516666666667	772.269	760.1975	734.4371683333334	713.3935	763.9521666666667	706.194835
99999	99999	707.646	659.5158316666667	676.6619983333334	694.551	695.099165	705.2828333333333	693.5943333333333	701.433165	704.8825	704.8503333333333
99999	149998	692.1651666666667	663.4568333333333	666.876	731.8004983333333	701.94	710.2996683333333	699.7456683333334	711.883	750.1776666666667	720.4265
99999	199997	701.2495	663.9358333333333	665.634	692.7953316666667	697.1716683333333	695.5354983333333	691.3238333333334	698.942665	725.7225	706.5695
99999	249996	690.7008333333333	684.9096683333333	725.28	922.7915	792.0003333333333	812.9936666666666	723.3221666666667	734.7538333333333	709.8498333333333	708.2836666666667
99999	299995	690.193	675.7546666666667	668.5296666666667	697.3941666666667	707.8000016666666	710.8739983333334	704.7028316666666	694.918	692.0206666666667	747.0008333333334
99999	349994	679.2763316666667	686.5316666666666	673.8393333333333	706.8326666666667	734.5461683333333	705.075	742.3731683333333	703.613335	709.7841666666667	740.82
99999	399993	672.6148316666666	675.1713333333333	664.6413333333334	708.086	709.0338316666666	720.2879983333333	705.006835	704.9620016666667	702.0240016666667	714.9406683333333
99999	449992	677.7103316666667	664.4963333333334	673.1336666666666	733.6213333333334	703.6745	707.3649983333333	710.0094983333333	697.7954983333333	698.5566666666666	711.7396666666667
99999	499991	667.9896666666667	673.02	666.6555	709.387335	714.2333316666667	699.4866666666667	703.4165016666667	712.748	703.8653316666666	716.8778333333333
99999	549990	688.361	671.8025	672.5873316666666	725.493	706.1265	704.0698333333333	694.817	709.0381666666667	706.1145016666667	704.7865016666667
99999	599989	705.3176666666667	703.677	675.145165	714.2830016666667	697.274335	707.652835	703.1541666666667	717.5926683333333	704.3575016666666	713.9265016666667
99999	649988	682.1128333333334	678.0480016666667	706.9523333333333	714.0599983333333	695.2776666666666	703.4685	709.9643316666667	711.9843316666667	707.0345	702.9025
99999	699987	671.9171666666666	669.9216666666666	675.8965	702.3801666666667	712.000335	707.1716666666666	701.5533333333333	699.8793333333333	708.9311666666666	703.274335
99999	749986	666.0483333333333	697.0140016666667	668.8155016666667	696.8966666666666	699.3865	706.7741666666667	707.1979983333333	725.7268333333334	709.8531666666667	724.5701666666666
99999	799985	670.5543333333334	675.9826666666667	669.9221683333334	694.2311683333334	700.0463316666667	699.324835	815.7828333333333	754.948335	743.960835	720.0359983333333
99999	849984	782.201	704.4528333333334	705.584335	771.577665	706.5025016666667	730.86	713.7105	706.0950016666667	725.7363333333333	706.1295016666667
99999	899983	674.208	702.5099983333333	679.0380016666667	694.1725	695.794165	700.1505	695.4286666666667	695.1065	699.0106666666667	752.8978333333333
99999	949982	674.6243333333333	698.1318333333334	702.797165	717.2786666666667	718.2183333333334	717.6581666666667	700.315335	704.5173316666667	710.9568333333333	718.4531666666667
99999	999981	674.8528333333334	671.4695	660.6861666666666	724.8626666666667	704.1649983333333	707.650835	699.3881666666666	705.8251683333333	732.4976666666666	732.1166666666667
149998	1	690.6548333333334	664.4833333333333	677.907165	714.1798316666667	700.5038333333333	723.2343333333333	709.7468316666667	709.2738333333333	721.7433316666667	714.453165
149998	50000	677.8714983333333	669.7788316666666	677.4620016666667	705.7813333333334	694.0603333333333	715.931335	692.5280016666667	737.512	735.9456666666666	711.103
149998	99999	675.9891683333333	720.8681666666666	674.260335	703.6995	698.1833333333333	706.5355016666666	696.0871666666667	703.1995	713.6408316666667	712.2453333333333
149998	149998	681.4016666666666	666.2616666666667	673.4371683333334	709.5066683333333	698.2521683333333	711.1851683333333	732.5516666666666	709.2833333333333	725.7938333333333	802.0163333333334
149998	199997	713.807335	715.8384983333333	683.8119983333333	737.8553333333333	715.480835	1004.5873333333333	804.1205	722.7221666666667	717.4323333333333	741.7361683333334
149998	249996	695.7598333333333	711.9048333333334	732.8416666666667	721.0155	729.5635016666666	966.808335	713.8201666666666	721.1461666666667	739.0450016666666	713.5948333333333
149998	299995	685.519	686.5853333333333	667.9146666666667	716.4203333333334	803.7053333333333	729.832	767.0581666666667	727.6034983333333	730.886	716.5861683333334
149998	349994	688.5238333333333	702.4906666666667	678.0713333333333	768.7738333333333	736.52	744.1826666666667	732.1376666666666	823.444335	722.4794983333334	766.2373333333334
149998	399993	809.8995	710.146	714.5141666666667	754.4813333333333	735.6013333333333	818.657	746.5089983333334	745.452165	724.635835	731.1248333333333
149998	449992	706.2483316666667	741.2665	706.3706683333334	801.0331666666667	751.3306666666666	791.916335	789.2555	759.6989983333333	737.4401666666666	763.2214983333333
149998	499991	673.7256666666667	683.6773333333333	682.621665	711.8100016666667	710.1676683333334	706.4715016666667	716.9443316666667	777.6236666666666	795.5645	924.3413333333333
149998	549990	736.3333333333334	738.635335	712.3463333333333	785.2075	778.476	815.2951666666667	786.7766666666666	719.5398333333334	850.782165	789.1426666666666
149998	599989	736.934	680.7006666666666	684.5976666666667	720.5098333333333	714.9981666666666	723.82	708.5591666666667	720.5488333333333	744.8708316666666	703.5213333333334
149998	649988	714.1083316666667	680.6788333333334	671.626335	716.9105	705.3918333333334	715.541335	708.4995	707.954	700.5793316666667	704.3848333333333
149998	699987	696.283	762.1116666666667	706.542835	716.9071683333333	721.3075	780.4628333333334	726.9979983333334	720.5115	725.748335	740.705
149998	749986	674.5695016666666	691.6251683333334	667.341	704.7568333333334	718.3568316666667	725.6055	701.5216666666666	708.5113316666667	708.0815	707.8053333333334
149998	799985	673.8518333333334	675.910665	688.8220016666667	733.234	720.3495016666667	730.7704983333333	714.496835	730.1286666666666	721.4120016666667	711.347
149998	849984	667.9458333333333	680.2063316666666	666.2736666666667	700.4255	717.689335	717.6353316666666	719.3344983333334	723.165	704.9268333333333	726.0030016666667
149998	899983	686.5536666666667	667.053	683.967835	707.5988333333333	756.0713333333333	719.7744983333333	725.8530016666666	715.8408316666666	704.1916666666667	763.1781666666667
149998	949982	700.406	689.258	693.1625	720.3806683333333	734.9986666666666	721.9178333333333	709.8313333333333	709.4678316666667	713.6946666666666	709.6125016666666
149998	999981	690.4256683333333	686.1808333333333	673.3078333333333	725.8061666666666	713.7885	721.1851666666666	711.2851666666667	711.9263333333333	709.1296666666667	708.0014983333333
199997	1	671.817835	712.8113333333333	704.5318333333333	700.9416666666667	709.1891666666667	718.2495	731.689	710.5413333333333	701.0866666666667	714.4906666666667
199997	50000	667.7591666666667	696.528835	798.9983333333333	718.6726666666667	744.2066666666667	708.3331666666667	733.6533316666666	790.1270016666666	729.3413333333333	745.0633333333334
199997	99999	680.3590016666667	674.684665	666.8613333333333	747.2638333333333	724.063	712.1531666666667	705.9878333333334	704.1291666666667	704.9915	712.6365016666666
199997	149998	676.9743333333333	738.7681666666666	672.3008316666667	707.0248316666666	694.6626683333334	718.9423333333333	712.1873316666666	700.0718333333333	752.0418333333333	743.0416666666666
199997	199997	734.8781666666666	671.388	729.4735	720.6766666666666	726.3071666666667	732.918	709.3894983333333	717.8521666666667	788.7595	829.3406666666667
199997	249996	718.3745	777.9178333333333	798.9495	870.4138333333333	818.2738333333333	843.5096666666667	708.682165	792.5945	843.1901666666666	808.6309983333333
199997	299995	803.2555	705.1406666666667	716.0006666666667	716.1279983333334	713.1021683333333	732.254165	733.946835	734.5425	717.496	719.2648333333333
199997	349994	678.445	694.7131683333333	706.2781666666667	771.157835	702.3440016666667	728.0091683333334	712.4410016666667	741.8233316666667	739.191	746.1024983333333
199997	399993	686.6508333333334	688.7764983333333	698.4673333333334	741.9698316666667	721.931835	754.812335	736.8776683333333	722.2095016666667	723.6758333333333	721.6075
199997	449992	674.072	673.542	673.8371666666667	703.122665	696.605	710.416835	708.3891683333334	705.2101666666666	702.0906666666667	714.6430016666667
199997	499991	665.4985	672.2286666666666	669.3228333333333	717.787	697.8765	758.9116666666666	714.507335	715.2016666666667	714.9148333333334	707.216
199997	549990	666.5698333333333	675.0111666666667	672.5654983333334	702.7751666666667	700.8368333333333	707.3575016666666	698.5986666666666	708.7576666666666	768.1451683333333	706.6460016666666
199997	599989	710.6943333333334	674.8655	694.7916683333333	726.983	730.1781666666667	721.1545	712.6145	710.812	710.6926683333334	709.0893333333333
199997	649988	666.481	666.9213316666667	678.2591666666667	693.5873316666666	694.3401666666666	701.0485	702.4733316666667	700.5606666666666	702.2008333333333	704.752835
199997	699987	670.4763333333333	672.0606666666666	672.9315016666667	727.5726666666667	703.2523333333334	736.2903333333334	708.2701666666667	707.4233316666666	708.5343333333333	716.241
199997	749986	679.1566683333333	670.3265	663.1421666666666	763.4168333333333	760.2323316666667	769.519	715.7913316666667	721.4466666666667	718.7405	735.812165
199997	799985	758.8636666666666	801.6015016666666	834.7828333333333	788.9494983333333	816.344	783.2253316666666	809.9695	774.4705	854.2911666666666	746.2613333333334
199997	849984	684.2208333333333	715.5686666666667	694.6645016666666	745.4803316666666	723.9746666666666	731.2708333333334	744.9436666666667	743.8044983333333	715.2279983333333	736.1286666666666
199997	899983	706.9171666666666	679.0361666666666	688.4286666666667	696.8996666666667	705.3721683333333	727.5958333333333	737.8513333333333	708.4373333333333	770.6951666666666	727.7138333333334
199997	949982	698.4406666666666	697.832665	686.5336666666667	718.4981666666666	714.765	705.8678333333334	711.0416666666666	699.3788333333333	768.7458333333333	735.1616666666666
199997	999981	674.0558333333333	688.9178333333333	820.594	798.3765	760.4893333333333	762.1778333333333	760.4516666666667	829.5878333333334	839.5313333333334	833.4973333333334
249996	1	767.1856666666666	748.7446666666667	712.9031666666667	695.1295	725.626	721.8565	747.8193333333334	730.952835	721.8888333333333	710.2895016666666
249996	50000	684.3346666666666	677.874	663.4381666666667	699.7055	701.3363333333333	709.5426666666667	700.5065	693.4464983333334	703.752335	703.1495
249996	99999	675.098665	678.6266666666667	670.682665	703.913165	697.4146666666667	741.9518333333333	705.166665	701.5393333333334	704.8046666666667	720.2568333333334
249996	149998	697.8566666666667	678.7851683333333	688.752335	697.1454983333333	715.0688333333334	724.7313316666666	706.2776666666666	718.5951666666666	709.7291666666666	716.048835
249996	199997	670.305665	681.9308333333333	672.8883333333333	705.1984983333333	735.8083333333333	721.4598333333333	715.583	785.0636666666667	703.5328333333333	717.1683333333333
249996	249996	701.8201666666666	708.7041666666667	682.7161683333334	686.2023333333333	706.135	822.341335	855.8206666666666	823.364665	749.4905	769.994835
249996	299995	695.7853333333334	1069.543	1097.0313333333334	982.299665	841.7654983333333	786.2650016666666	760.1423333333333	786.1663316666667	981.967	967.8488333333333
249996	349994	829.2476683333333	732.3393333333333	752.5641666666667	725.7068333333333	790.095835	800.368	730.9126666666667	763.5068333333334	788.7345	793.689835
249996	399993	701.4195016666666	684.67	678.137335	868.4620016666667	721.0545016666666	720.3205	738.885835	709.251	736.6790016666666	776.1540016666667
249996	449992	724.8793333333333	798.2943333333334	804.9988333333333	776.7606666666667	878.2756666666667	837.0253316666667	833.5996666666666	790.0161666666667	984.183335	1900.2708333333333
249996	499991	1051.6918316666668	866.4073333333333	1025.9280016666667	1022.025835	796.4156666666667	773.9273333333333	779.6563316666667	812.4496666666666	882.8003316666667	723.4963333333334
249996	549990	924.4483333333334	749.4048333333334	707.6935016666666	722.3148333333334	743.619165	834.8886666666667	746.8575	813.8535	771.8148333333334	838.7204983333334
249996	599989	749.7621666666666	826.5091683333334	771.2425	769.7633333333333	891.3315	863.2033333333334	733.9511666666667	874.584665	769.99	917.6675
249996	649988	724.0131666666666	778.4498316666667	895.5646666666667	913.3563333333333	932.4491666666667	825.099	764.702	1220.553835	1080.1425	1175.2619983333334
249996	699987	977.9348316666667	902.5476666666667	821.9216666666666	874.5251666666667	788.8696666666667	779.4573333333333	816.3220016666667	753.643835	870.6446666666667	791.3570016666666
249996	749986	753.1706666666666	717.3875	699.201	787.4533333333334	756.8738333333333	787.7283333333334	832.46	749.7671666666666	754.1545	830.624665
249996	799985	821.1465	725.7873333333333	735.111	754.5188316666666	1122.2643333333333	771.475835	952.657	1075.5358316666666	1134.5111666666667	1005.9391683333333
249996	849984	942.2531666666666	736.4993333333333	774.9105	1174.8638333333333	996.7768333333333	780.3908333333334	811.0441666666667	736.1161666666667	755.8401666666666	799.5376666666667
249996	899983	761.0096666666667	719.3286666666667	708.188	744.758165	742.0451666666667	794.7381666666666	779.583835	756.71	795.354665	780.7505
249996	949982	728.4643316666667	719.2120016666667	765.652	716.1923316666666	759.9471666666667	821.1755	765.1566666666666	813.4511666666667	751.2333333333333	849.5298316666667
249996	999981	840.315	769.7411683333333	789.3855	911.5389983333333	771.4773333333334	792.8148333333334	798.7091683333333	714.5958333333333	732.680665	933.3615
299995	1	757.147835	732.86	695.4351666666666	752.4885	792.4861666666667	792.4023316666667	819.4288333333334	773.787335	747.6293333333333	837.4198333333334
299995	50000	743.8973333333333	706.6656666666667	682.1744983333333	717.8783333333333	743.3620016666666	765.1391666666667	820.9664983333333	728.7598333333333	768.8765	721.4716666666667
299995	99999	719.9719983333333	705.3396683333333	789.5088333333333	768.457	726.8673333333334	770.4176683333334	709.2354983333333	730.129	722.6536666666667	740.8646666666667
299995	149998	705.7599983333333	728.6576666666666	730.3676666666667	727.7526666666666	731.179	780.789	733.866665	732.4775	737.699665	795.4941666666666
299995	199997	751.064	787.1711683333333	752.339835	779.3218333333333	815.939835	872.7858333333334	732.9270016666667	785.2421683333333	1064.4585	966.7610016666666
299995	249996	811.063	749.2736683333334	872.6316666666667	738.2041683333333	804.940165	888.8066666666666	781.5361683333333	863.7681666666666	898.448665	821.2404983333333
299995	299995	856.7726683333333	1025.5881666666667	1378.5016666666668	1402.8995	1277.8966683333333	2130.541333333333	1948.3301683333334	1972.7744983333334	1717.2146666666667	1709.192
299995	349994	1631.5625	1021.1618316666667	1176.1579983333334	2048.0813316666668	1873.6655	1808.4365	1334.8856683333333	1236.2373333333333	1764.8445	1488.6568333333332
299995	399993	1501.8546666666666	1096.6608333333334	846.9900016666667	905.4385	846.2996683333333	877.130165	896.5858333333333	920.8519983333333	962.9038316666666	817.6606683333333
299995	449992	815.9091666666667	791.039835	1123.0623333333333	776.4924983333333	915.4725	880.8348316666667	812.6148316666666	900.5811683333334	848.2791683333334	932.7525016666667
299995	499991	1214.9956683333332	1392.2548333333334	1652.7893333333334	998.4676666666667	902.257665	1002.8656666666667	781.6988333333334	857.9501683333333	878.711665	822.0255
299995	549990	796.0325	884.067335	778.3771666666667	808.4886666666666	782.220335	815.391835	806.4254983333333	779.764	826.3868333333334	795.051
299995	599989	797.5086666666666	756.41	773.4975	778.7793333333333	800.1293333333333	837.847	792.0553333333334	749.5201666666667	860.8618333333334	802.3046666666667
299995	649988	749.5526666666667	759.9566666666667	803.5775	777.517665	759.8931666666666	763.1291666666667	823.871	777.46	805.399	972.0966666666667
299995	699987	982.6793316666667	781.039165	985.1401683333333	747.7991666666667	909.05	1136.5198333333333	807.6516683333333	733.5501666666667	767.8011666666666	758.345165
299995	749986	745.6458333333334	805.0426666666667	812.3281666666667	818.4713333333333	752.947	775.016	942.2746666666667	763.2508333333334	817.5715	803.3133333333334
299995	799985	757.2088333333334	768.4733333333334	701.6143316666667	742.603335	738.4116666666666	715.1226666666666	733.676	736.977835	744.5506666666666	776.2053333333333
299995	849984	752.1150016666667	685.585	694.5783333333334	722.6723333333333	743.472165	765.9056683333333	730.6226666666666	909.8266666666667	956.8853333333333	1018.3645
299995	899983	1059.2296666666666	1761.9048316666667	1311.5748333333333	1506.7066666666667	1155.2976666666666	1230.004	1190.2238333333332	1067.4543333333334	1475.0481666666667	955.3993316666666
299995	949982	1073.714	1071.4288333333334	1163.4908316666667	1159.2786666666666	1396.949	2169.5816683333333	1434.577	1490.2358333333334	1377.275	1154.9715
299995	999981	977.3648333333333	737.4540016666666	715.6031683333333	725.8861666666667	780.2445	742.0205	733.9328333333333	771.2005	736.8358333333333	777.9275
349994	1	908.130335	706.9178316666666	701.431835	763.9504983333334	737.679665	742.3868316666667	717.95	733.4833333333333	755.3706666666667	748.4726666666667
349994	50000	705.0305016666666	728.657	707.0956666666667	722.3753333333333	789.614835	773.2425	718.002	731.9898333333333	732.7711666666667	749.2758333333334
349994	99999	726.5893333333333	695.533665	698.032	772.5156666666667	867.4443333333334	792.8433333333334	890.5476683333334	773.905	743.279	764.5683333333334
349994	149998	752.9533333333334	717.1156683333334	695.1811666666666	729.397	729.9273333333333	733.2058316666667	744.6261683333333	736.4956666666667	731.7948333333334	740.8485016666667
349994	199997	709.8291683333333	721.4973333333334	753.4546666666666	714.0735	785.9328333333333	736.0775	735.0955	734.5661683333333	755.3553333333333	731.9156666666667
349994	249996	736.3869983333333	759.9925	715.0751666666666	724.112835	749.6753333333334	725.4273333333333	749.1493316666666	733.0721666666667	753.7168333333333	748.7964983333334
349994	299995	703.9875	718.1458316666667	757.707	739.6568316666667	743.1345	724.8768316666667	741.861665	730.6281683333333	764.6785016666666	740.4021666666666
349994	349994	722.7129983333333	704.5754983333334	696.9018333333333	719.3363333333333	737.6991666666667	749.4488333333334	725.0339983333333	743.0333316666666	752.2281683333333	757.5151666666667
349994	399993	765.5974983333333	702.5158333333334	709.8850016666667	734.413	728.6661666666666	749.3276683333333	756.814665	732.6044983333334	734.29	732.8401666666666
349994	449992	711.038835	709.8265	751.7106666666666	753.1211666666667	723.3395	755.5075	857.281	888.852	887.8315	790.3588333333333
349994	499991	811.1015016666666	742.0286666666667	807.002	847.7046666666666	812.161665	914.988835	850.843835	737.1023333333334	747.08	775.6194983333334
349994	549990	712.7981683333334	725.0176666666666	716.8615016666666	713.857665	751.776	747.4366666666666	768.9748333333333	849.8658333333333	724.9555	745.851
349994	599989	700.1586666666667	711.7063333333333	695.7935016666667	730.1486666666667	737.0133333333333	776.8421666666667	732.1608333333334	732.396	734.4618333333333	730.8481666666667
349994	649988	708.767	690.9348333333334	662.4696666666666	722.2499983333333	750.7595	706.4816683333333	714.0669983333333	736.072	734.324165	738.389335
349994	699987	732.1436683333334	694.7123316666666	681.1850016666667	710.040335	714.4266666666666	753.3225	738.522	754.4454983333334	762.5881683333333	748.4090016666667
349994	749986	733.353	681.0705	717.0448333333334	762.8215016666667	748.602	747.1228333333333	715.1516666666666	744.567165	764.1086666666666	723.4823316666667
349994	799985	689.0468333333333	707.5385	680.2891666666667	730.9098333333334	751.7315016666666	725.8553316666666	720.229	714.7730016666667	738.1556666666667	727.7921666666666
349994	849984	694.6021666666667	742.8716666666667	696.292	728.5748333333333	723.1306666666667	738.4243316666667	704.5586666666667	754.87	743.687835	746.031835
349994	899983	687.9555	698.0233316666666	704.7406666666667	805.9456666666666	791.7008333333333	837.1861683333333	798.5576666666667	765.9718316666666	791.5338316666666	800.9260016666667
349994	949982	703.8743333333333	701.475	721.0368333333333	753.6666666666666	713.6499983333333	735.9485016666666	858.262335	766.951335	765.5018333333334	755.3681666666666
349994	999981	689.0716666666667	708.626165	696.2441666666666	727.7936666666667	765.165835	761.970335	730.2076666666667	793.613335	729.519165	780.5848316666667
399993	1	715.2785016666667	740.0038333333333	964.496	1672.3793316666668	1041.3868333333332	1012.8510016666667	1069.9588333333334	915.4298316666667	806.2348333333333	1614.8453333333334
399993	50000	1681.761335	1332.9195	1120.400165	919.6125	861.943835	870.228165	1087.1398333333334	889.9876683333333	1053.6626666666666	1037.885
399993	99999	918.5198333333333	774.2431666666666	896.3595016666667	1466.505835	1596.782	1142.968	1236.4785	1091.4198316666666	1074.634335	1097.0420016666667
399993	149998	1040.478	925.939	965.8278333333334	1090.0375	999.3363333333333	1018.4686666666666	1039.1515	933.8138333333334	1100.547	978.160165
399993	199997	1026.1255	958.0016683333333	1057.698	1009.0893333333333	992.974665	1092.084	1049.319	1014.8325	1499.3616666666667	1434.491
399993	249996	1298.9396666666667	1313.7855	1229.3518333333334	1385.6986666666667	1578.1575	1035.502	1024.3364983333333	1041.9006666666667	999.9181666666667	1026.7061666666666
399993	299995	1058.3775	925.9405	991.4571666666667	1029.3368333333333	1034.6609983333333	1102.3016666666667	1160.4253316666666	1077.8480016666667	1082.5284983333333	1006.6375016666667
399993	349994	1037.5136666666667	964.458	977.2125	1077.9283316666667	1037.7605	1032.538	1128.9075	1151.9543333333334	1197.2606666666666	1138.751665
399993	399993	1264.406165	1172.1035	1002.1705	1134.287665	1264.5608333333332	988.1583316666666	866.9705	859.2023316666666	888.3366683333334	856.4610016666667
399993	449992	835.7158333333333	821.0176666666666	823.9295	983.4450016666667	804.4398333333334	827.7976666666667	751.9638316666667	795.3586666666666	871.3123333333333	826.7938333333333
399993	499991	720.8595	854.4973333333334	867.4998333333333	756.3413316666666	836.8841683333334	750.2766666666666	768.0385	794.9753333333333	765.176165	824.388
399993	549990	715.5755	753.118	702.4548333333333	782.3398333333333	791.2541666666667	775.5139983333333	764.9075	767.8341666666666	824.454	761.8838333333333
399993	599989	847.3821666666666	854.8826683333333	779.1331683333333	765.2661666666667	758.161335	789.5583333333333	746.9838333333333	758.052335	809.8425016666666	811.0825016666666
399993	649988	714.8186666666667	796.7743333333333	879.7373316666667	779.8235	795.544	867.3658333333333	880.3105	883.821	827.605	804.6366683333333
399993	699987	797.744335	800.915835	813.2006683333333	838.2658333333334	737.2911666666666	817.2124983333333	728.9644983333334	733.3028333333333	744.5123333333333	735.1763333333333
399993	749986	694.5390016666666	746.39	747.3518333333334	745.3146666666667	756.3425	735.424665	767.131835	780.4649983333334	728.6698333333334	782.029665
399993	799985	749.236	786.322335	748.159835	766.0698333333333	727.486335	740.4884983333334	829.1785016666666	930.331665	946.7325	815.1201666666667
399993	849984	768.7956683333333	765.9365016666667	735.4928333333334	816.792665	777.4524983333333	915.6143333333333	738.5274983333334	893.2165	773.9011666666667	757.9965
399993	899983	785.6616666666666	813.8768316666667	720.092165	819.1014983333333	794.1013333333333	845.113835	795.7881683333334	777.5621666666667	745.461335	783.5176683333333
399993	949982	746.7398333333333	822.9406666666666	811.3634983333334	859.258	900.9718333333333	941.7881666666667	804.510665	799.6811666666666	793.4246666666667	736.225665
399993	999981	769.1331666666666	702.195	734.959335	778.231165	709.7811666666666	766.995165	878.5580016666667	879.8631666666666	758.7923333333333	714.706665
449992	1	813.9526666666667	757.7061666666667	746.5114983333333	852.054	780.2830016666667	771.5753333333333	733.3775	1034.3408333333334	1755.2376666666667	1837.3311666666666
449992	50000	1309.9991666666667	915.2151666666666	818.6283333333333	846.0335	839.4466666666667	825.1633333333333	772.0321666666666	850.2525	805.4618333333333	1139.5614983333332
449992	99999	789.5991683333333	759.8743316666666	819.0406666666667	850.274	820.0010016666666	887.3868333333334	794.8648333333333	891.6293333333333	809.8461666666667	842.8833333333333
449992	149998	769.4846683333334	725.451835	910.618835	738.068	790.1488333333333	856.4863316666666	841.9048333333334	839.1333316666667	887.1873333333333	834.1773316666666
449992	199997	794.6085	754.1665	746.4021683333333	794.4158333333334	833.521835	884.630165	961.0721683333334	865.1456666666667	753.9304983333334	809.7953333333334
449992	249996	727.9146666666667	760.866	859.4226666666667	797.9544983333333	764.8576666666667	770.1793333333334	831.7623333333333	859.7128333333334	781.9585016666666	789.9385
449992	299995	975.6306666666667	879.7178333333334	849.9056683333333	834.4493333333334	764.9905016666667	853.6033333333334	872.9753333333333	826.8643316666667	889.7366666666667	832.3636666666666
449992	349994	882.039	1255.831165	774.4066666666666	881.3071666666667	783.1036666666666	793.431	769.4198333333334	737.885	844.9268333333333	787.7511683333333
449992	399993	760.8755	761.8431683333333	734.7006666666666	758.2359983333333	793.3056683333333	737.0831666666667	750.2206683333334	818.3336666666667	872.0691666666667	799.9524983333333
449992	449992	770.9580016666666	742.9986666666666	745.3105	769.8558333333333	753.6110016666667	752.4346666666667	776.124665	795.0086666666666	765.3074983333333	754.2621666666666
449992	499991	678.994835	698.492335	717.758	751.371	856.1401666666667	993.169	892.6465	745.9346666666667	755.5441666666667	736.503835
449992	549990	699.872	680.3483333333334	694.2571666666666	735.7158333333333	720.8851666666667	784.839165	729.055	738.2655	753.254	731.2573333333333
449992	599989	702.4753333333333	723.0508333333333	679.091335	757.6885	729.3693333333333	809.6055016666667	722.3918333333334	735.954165	855.2801666666667	1302.4851666666666
449992	649988	1478.8415	1052.5298333333333	804.070165	926.1365	807.1610016666667	830.5655	757.6478333333333	780.7983333333333	809.441	3614.9945
449992	699987	3175.6989983333333	3423.041166666667	3026.2916666666665	1755.1686666666667	1325.0493333333334	1194.2881666666667	1019.6283333333333	1265.3405	1062.347665	2373.2393333333334
449992	749986	1714.8343333333332	976.3913333333334	1138.9991666666667	1183.8688333333334	1289.9541666666667	1456.1508333333334	1216.5738333333334	1126.833	1135.2029983333334	1304.4546666666668
449992	799985	1160.3663333333334	1152.879	1224.0341683333334	1327.5065	1191.255	1220.5931683333333	1109.709	1206.3921683333333	1150.2105	1253.77
449992	849984	1186.7938333333334	1166.233335	1241.97	1139.5863333333334	1218.2625	1035.3063333333334	1118.6611666666668	1072.364	1056.1988316666666	1232.3828333333333
449992	899983	1010.3801666666667	998.826	922.5681666666667	965.5186666666667	888.449	981.5245	893.2128333333334	975.4745	1010.116835	1110.1333333333334
449992	949982	1138.5975	896.6768316666667	988.8265	1470.8541666666667	981.913	1169.6810016666666	1127.1223316666667	1058.4301666666668	965.1926666666667	1002.0523333333333
449992	999981	954.5	1068.056165	992.1895	1040.112	991.772335	1021.0611683333333	1031.6508333333334	1038.1205016666668	938.2553316666666	981.397
499991	1	1009.832	954.498335	861.0164983333333	838.6250016666667	788.8065	760.2651666666667	892.6723333333333	835.099165	727.7063333333333	844.010835
499991	50000	822.8426666666667	763.8983333333333	722.7308333333333	823.5466666666666	875.5768333333333	819.2145016666667	813.7316666666667	735.9619983333333	758.012835	826.9308333333333
499991	99999	798.4516683333334	689.1376666666666	762.5145	719.9649983333334	974.9105	765.8481666666667	766.8206666666666	780.018	750.9276666666667	803.9170016666667
499991	149998	741.9110016666667	722.1698316666667	721.7275	713.7121666666667	723.5623316666666	811.297335	754.9481666666667	753.9583333333334	742.4833333333333	732.7065
499991	199997	732.9141666666667	798.893	804.4823333333334	924.1475	749.9543333333334	778.4305016666667	799.7818333333333	865.4916666666667	861.2443316666667	753.0661666666666
499991	249996	708.4395	730.2161683333334	928.442	736.0745	787.3211666666666	786.6286666666666	769.0741683333333	738.960835	807.9018333333333	843.9741683333333
499991	299995	760.9138316666666	858.0246666666667	737.8681666666666	728.0415016666667	776.2910016666667	828.865835	914.9906683333334	808.884	735.7068333333333	831.4723333333334
499991	349994	786.8168333333333	762.6431666666666	722.9738333333333	715.3661683333333	727.2943333333334	767.6474983333334	761.0424983333334	801.2954983333333	850.8296683333333	797.1285016666667
499991	399993	861.4703333333333	756.743	719.457165	780.5204983333333	779.2645	764.8813333333334	750.078165	790.9091666666667	775.608835	809.7034983333333
499991	449992	854.9315	1051.5681666666667	964.4635	838.0348333333334	827.151165	790.6461666666667	961.0566666666666	887.2655	967.1019983333333	864.5486666666667
499991	499991	856.1296683333334	752.6813333333333	790.541	806.9576666666667	851.5445016666666	831.5483333333333	806.5216683333333	768.9599983333334	772.0396666666667	798.2928333333333
499991	549990	798.3776683333333	880.0015	826.7116683333334	840.4851683333334	867.5881666666667	861.981	808.037	813.8579983333333	828.8611666666667	786.9328333333333
499991	599989	777.0433333333333	689.5916666666667	907.3356666666666	939.6165	751.3856666666667	878.4633316666667	815.643	1209.925	761.9286666666667	784.1538333333333
499991	649988	738.880165	822.9435	753.0105	739.1220016666666	738.6371666666666	736.4413333333333	1154.081335	2618.9533333333334	1464.6778333333334	1416.488
499991	699987	979.581	1012.9846666666666	959.9623333333333	1134.9310016666666	948.4035016666667	1215.8355	1072.0220016666667	998.8323316666666	1095.11	986.6456666666667
499991	749986	948.3349983333334	917.3061666666666	977.1985	893.0685	1064.1866666666667	1125.5235	984.3115016666667	992.006335	984.8665	954.3076683333334
499991	799985	915.409665	904.8431666666667	868.0288333333333	917.4585	818.0578333333333	836.4155	906.2108316666666	793.0383333333333	780.219335	810.0665
499991	849984	720.379	757.9658333333333	745.4064983333334	770.690335	797.1743316666667	745.8115	785.0081666666666	762.6411666666667	778.9438333333334	784.9808316666666
499991	899983	793.6623316666667	741.2416666666667	885.351165	778.6675	789.275	796.0644983333333	758.9633333333334	768.3665	807.1591666666667	754.9535
499991	949982	752.2766683333333	964.057	766.5559983333334	759.485335	780.9398333333334	749.203	766.5531666666667	770.1073333333334	798.621	802.878665
499991	999981	783.0836666666667	728.0058333333334	730.9341666666667	765.4936666666666	778.698165	845.524165	815.6971683333334	772.322335	786.9341683333333	773.4593333333333
549990	1	736.7896683333333	735.887	721.3224983333333	773.6173333333334	728.95	768.8461666666667	784.2473333333334	943.8106666666666	971.8928333333333	974.163
549990	50000	976.058	865.7983316666666	809.6683333333333	809.3438333333334	786.398835	870.5960016666667	808.9673333333334	755.5826666666667	750.766665	751.359665
549990	99999	731.7810016666666	714.5310016666666	701.5185	799.2585	750.6091666666666	777.1068333333334	764.4853333333333	775.2389983333334	775.679665	775.2778333333333
549990	149998	690.0993333333333	721.4886666666666	744.7621666666666	773.1375016666667	762.9085016666667	791.4226683333334	771.2083333333334	763.6909983333334	813.6971666666667	736.7975
549990	199997	768.1976666666667	794.281835	726.4883333333333	804.2866666666666	808.0351666666667	808.7505	755.217	780.1946683333333	791.552335	822.7481666666666
549990	249996	758.7851683333333	772.046835	846.6210016666666	856.3253333333333	761.8183333333334	830.8018333333333	813.678	825.5636666666667	835.171835	813.3116666666666
549990	299995	734.3151666666666	765.7811683333333	771.3420016666666	796.7898333333334	751.2485	771.5504983333333	820.8003333333334	784.5425016666667	815.5356683333333	1110.7846666666667
549990	349994	882.0056666666667	742.7945	736.6801666666667	848.559335	872.9296666666667	779.9251666666667	747.2065	804.6061683333334	759.3241666666667	805.7288333333333
549990	399993	718.4938333333333	766.4726666666667	740.711665	816.508835	802.5501683333333	825.7113333333333	795.5053333333333	766.4819983333333	791.01	799.0830016666666
549990	449992	707.1731666666667	1103.6335016666667	773.4783333333334	813.2771666666666	912.3758333333334	856.5861683333334	846.9508316666667	783.4334983333333	865.8411666666667	959.3233316666667
549990	499991	761.3493333333333	815.5703316666667	989.9715	810.0281683333334	986.1818333333333	884.4543333333334	806.1733333333333	886.9648333333333	820.4646666666666	768.035335
549990	549990	754.6933333333334	762.125	730.7978333333333	786.5535016666666	839.3338333333334	809.864	823.614835	754.268665	779.2748333333333	758.5033333333333
549990	599989	729.987	746.6836666666667	794.884165	832.9005	894.2638333333333	812.4443333333334	781.090335	801.358665	844.4155	842.1825
549990	649988	735.2556666666667	725.1531666666667	716.7136666666667	784.5035	789.1386683333334	835.5483333333333	832.4259983333334	795.2876683333334	785.9353316666667	759.7834983333333
549990	699987	790.8873316666667	808.2931666666667	740.7378316666667	837.8799983333333	906.0015016666666	833.4291666666667	846.7119983333333	848.7721683333333	735.7763333333334	925.647835
549990	749986	791.27	831.5365	824.0658316666667	796.7508333333334	792.288335	748.7185	765.281	752.31	825.6058333333333	769.756
549990	799985	745.561	786.4746666666666	724.2678333333333	784.0511666666666	808.6200016666667	777.861	819.3061666666666	768.6518333333333	751.6358333333334	793.0545
549990	849984	739.7696666666667	746.2225	716.9076666666666	804.9283333333333	819.4305016666667	821.0383333333333	841.418	742.2946666666667	760.5731666666667	787.845
549990	899983	757.369	712.3776666666666	710.3911666666667	947.402835	776.0061666666667	726.8818316666667	779.83	819.4408316666667	789.3151666666666	815.4826666666667
549990	949982	738.3213333333333	761.592	764.427	804.9843333333333	761.2588333333333	788.6576666666666	809.6508333333334	949.0758333333333	771.694	1132.001665
549990	999981	954.7811666666666	873.132	843.8735016666667	803.9699983333334	773.785	833.2121666666667	806.0275	816.5106683333333	732.6886666666667	847.6281666666666
599989	1	757.6655	786.4270016666667	791.1705016666667	817.9128333333333	837.118665	747.820835	767.8413333333333	785.859665	763.1206666666667	837.7118333333333
599989	50000	745.876	758.7303333333333	809.331665	810.2911683333333	814.6651683333333	837.6398333333333	859.1079983333333	800.495	798.852335	753.0856666666666
599989	99999	748.4099983333333	739.8503333333333	700.9680016666666	742.2008333333333	757.355	746.5613333333333	738.444665	751.8125	772.547335	769.637835
599989	149998	734.1168333333334	712.8293333333334	717.1136683333333	810.2625016666667	795.5346666666667	797.5165	792.1426666666666	763.8045	737.2085	825.3741666666666
599989	199997	744.4539983333333	708.0865	732.571665	760.3481666666667	734.019835	773.6008333333333	781.806	778.0985016666667	864.919165	825.3531666666667
599989	249996	706.5528333333333	783.704335	711.817	775.1535	748.9576666666667	779.761	732.623665	795.6356683333333	761.599335	1100.0246666666667
599989	299995	708.1714983333334	756.0893333333333	762.536665	746.916335	1098.665	850.5196666666667	807.8626666666667	757.0398333333334	950.0293333333333	981.103835
599989	349994	833.4060016666666	922.0545	868.5018333333334	1090.238	1044.4885016666667	1042.5436683333332	883.756165	922.115	865.800665	815.9516666666667
599989	399993	1908.433	2465.6948333333335	1448.789665	954.6241683333334	880.2131666666667	826.7	1090.093	970.3706666666667	856.945165	873.8155016666667
599989	449992	894.539	871.4195016666666	894.1673333333333	830.100835	1102.9126666666666	931.4789983333334	774.63	912.8968333333333	820.7241683333333	952.0060016666666
599989	499991	1146.2940016666666	1652.6046666666666	833.4428333333333	932.025835	873.3164983333334	1135.182	990.7621666666666	929.7173333333334	804.9733333333334	862.5619983333333
599989	549990	792.44	770.353835	796.266835	861.0861666666667	883.9266666666666	854.292165	770.0573333333333	942.043	818.3756666666667	915.2263333333333
599989	599989	848.1361683333333	770.9048333333334	960.0599983333333	1017.3805	907.1363333333334	964.776	1313.5916666666667	1002.4566666666667	1203.1031683333333	1186.2718333333332
599989	649988	857.0313333333334	828.6891666666667	732.0203333333334	855.019335	774.4931683333333	830.4738333333333	1276.7768316666666	1021.435	882.0911666666667	760.8416683333334
599989	699987	782.882335	797.054	909.5805016666667	1166.2613333333334	1768.398165	946.2889983333333	762.0293333333333	866.3163333333333	864.0666683333334	768.625835
599989	749986	812.6526666666666	784.444	795.5981666666667	894.8743333333333	871.8848316666666	762.5101683333334	813.9573333333333	866.110165	771.4213333333333	867.8388333333334
599989	799985	784.902335	762.1948333333333	727.9066666666666	783.2736666666667	802.9228316666666	848.683	906.839	1097.295	875.5541683333333	765.3141683333333
599989	849984	800.6185016666667	716.199	760.4385	1084.417	874.5736666666667	772.3233316666667	878.7771666666666	798.6453316666667	970.1728333333333	832.8158316666667
599989	899983	761.8566666666667	718.6428333333333	1351.0463333333332	2165.563833333333	2879.2514983333335	1417.5445	964.4275	1056.547	1156.236	1341.9661666666666
599989	949982	1060.1828333333333	934.0231666666666	765.2001683333333	901.5245	781.519335	833.3698333333333	868.0099983333333	870.3645	782.854165	788.7013333333333
599989	999981	720.154	768.5628316666666	755.3780016666667	973.2470016666666	812.2571683333333	1088.5829983333333	942.1018333333334	919.9836666666666	798.2843333333333	1047.8458333333333
649988	1	750.6665	718.9851666666667	841.4371666666667	782.1073333333334	835.5419983333334	860.2098333333333	818.6471666666666	840.6205	751.1733316666666	1062.3093333333334
649988	50000	804.803	717.9998333333333	764.5526683333334	802.330335	735.7281666666667	807.003665	1007.3661683333333	863.9506666666666	1000.094835	1009.4611666666667
649988	99999	768.9015	794.5053333333333	764.4736683333333	1134.2143333333333	787.8428333333334	1033.521	803.627	831.8575	746.177	828.4046666666667
649988	149998	825.0628333333333	919.347	800.3293333333334	893.713165	903.4608333333333	963.8091666666667	1003.5325016666667	899.2205	821.0541666666667	822.5765
649988	199997	748.6166666666667	748.4491666666667	714.4238333333333	843.321	783.6126683333333	872.082335	929.843335	821.276	802.2978333333333	1028.1353333333334
649988	249996	1278.8086666666666	752.9318333333333	791.8920016666667	792.8978333333333	782.0735	795.4606666666666	891.517	952.5683333333334	812.8831683333333	796.4655
649988	299995	805.0185	717.857165	785.7608333333334	926.3128316666666	849.3636666666666	866.12	897.1421683333333	1083.2333333333333	1145.3088333333333	858.2560016666666
649988	349994	862.0506666666666	972.0301666666667	863.7815	1013.2555	822.468	907.3743333333333	952.735	862.4145	1297.0786666666668	848.336665
649988	399993	754.7003333333333	800.194	806.8345	829.361335	831.5641666666667	750.2236683333333	777.6501666666667	974.2345016666667	821.5020016666666	847.4766666666667
649988	449992	1040.7251666666666	784.346	891.5905	1366.0568333333333	900.7571666666666	843.4003316666667	746.7273316666667	924.2376666666667	868.1055016666667	870.0759983333334
649988	499991	719.9728333333334	1269.397	925.8788316666667	882.1931666666667	1380.135665	1031.9438333333333	853.0538316666666	802.675	843.4055016666666	766.4993333333333
649988	549990	850.806	769.7158316666666	1026.9511666666667	794.7971683333334	786.307165	826.1098333333333	842.4910016666666	846.5655	858.5918333333333	877.175
649988	599989	805.3386683333333	809.3574983333333	688.468665	843.5649983333333	843.7141666666666	729.2803333333334	747.5881666666667	777.553	732.4428316666666	815.358
649988	649988	750.446	1179.9365	798.564	794.214335	769.4556666666666	757.5418316666667	755.9165	782.3509983333333	890.0405	767.6233333333333
649988	699987	897.7465016666666	957.338	767.6605	908.5566666666666	901.0973333333334	760.2193333333333	782.2846666666667	785.043165	1300.244335	1098.8580016666667
649988	749986	1161.3703333333333	976.7061666666667	1161.2821666666666	961.4693316666667	963.0121666666666	907.7496666666667	896.2568333333334	841.9381683333334	1218.7959983333333	1047.5826666666667
649988	799985	874.568	788.0148333333333	823.5341666666667	757.662835	856.5680016666666	790.4418333333333	1224.3785	902.7405	920.04	847.66
649988	849984	836.6648333333334	793.0996666666666	754.3119983333333	812.7723316666667	777.831	769.9698316666667	807.4468316666666	827.5283316666666	839.279665	738.7131666666667
649988	899983	776.0571666666667	750.2528333333333	821.347665	792.2150016666667	812.5038333333333	887.1311666666667	838.801165	772.8781666666666	813.1721683333334	778.2193333333333
649988	949982	735.7221666666667	749.5228333333333	693.2544983333333	809.8558316666666	753.5479983333333	836.7745016666667	790.0436666666667	803.9945016666667	807.7441666666666	978.6553333333334
649988	999981	789.0075	736.9858316666666	814.7133333333334	769.583165	821.7678333333333	926.3758333333334	919.407	857.6586683333334	2495.1965	989.0451666666667
699987	1	850.3863333333334	794.7345	1168.6831666666667	883.3338333333334	775.1468333333333	818.4395	906.6965	911.1031683333333	1003.9808333333333	975.5381666666667
699987	50000	943.472335	833.230665	890.205335	931.327	857.4228333333333	848.282665	1009.9831683333333	899.578	894.1141666666666	851.2418333333334
699987	99999	881.1784983333333	931.1133316666667	859.2816666666666	797.8541683333333	873.1466666666666	815.486665	804.6831666666667	1032.2651666666666	1108.3255	779.759165
699987	149998	769.3606666666667	745.7763316666667	873.672665	969.7823333333333	764.0921666666667	752.0353333333334	875.1533333333333	765.229	726.9003333333334	1131.3826683333334
699987	199997	996.4636666666667	1013.0801666666666	790.3409983333333	846.809	881.5726666666667	848.5528333333333	960.1021683333333	812.1313333333334	777.0035016666667	841.9203333333334
699987	249996	754.0268333333333	721.6185	872.8728333333333	796.9655	805.977165	845.2088333333334	761.2710016666666	966.482835	856.1556666666667	816.8236666666667
699987	299995	814.1521666666666	745.1724983333334	739.7566666666667	873.0466666666666	814.8651666666667	903.9021666666666	786.1876666666667	810.4706666666667	851.4633333333334	818.2473333333334
699987	349994	729.5533333333333	799.9283333333333	732.0601683333333	797.0720016666667	860.284665	822.5675	750.1651666666667	757.7056666666666	793.8776666666666	800.2346666666666
699987	399993	787.2650016666666	720.9745	825.3968333333333	869.6531683333334	897.629	831.7606666666667	785.3815	786.8698316666666	783.575	808.7508333333334
699987	449992	750.1365016666666	761.4433316666667	816.8428333333334	796.2376683333333	837.3256683333333	867.9331666666667	873.826835	846.3246666666666	774.3511666666667	822.206165
699987	499991	758.124835	795.8886666666667	787.1995	839.9144983333333	871.725335	849.0286666666667	946.3308333333333	762.2448333333333	814.4023316666667	846.6048333333333
699987	549990	764.9628333333334	758.5343333333333	787.236665	763.3511666666667	920.9611683333334	933.9891666666666	803.9385	820.2445	882.9445	763.9373316666666
699987	599989	806.087	984.5265	803.710665	724.6849983333333	783.9234983333333	1031.0178333333333	870.3763333333334	947.8126683333334	868.505835	766.3656683333334
699987	649988	814.7058316666667	719.1381683333333	783.0685	826.841	907.7711666666667	816.9434983333333	802.910665	786.9935	781.4968333333334	757.0626666666667
699987	699987	729.6723316666667	814.2771666666666	722.4076666666666	843.3738333333333	879.2355	821.768335	830.675165	892.6041666666666	834.1526666666666	883.4298333333334
699987	749986	789.9343333333334	864.9445	800.486	860.3398316666667	982.7801666666667	844.726	826.2556666666667	816.2351666666667	798.236835	882.815835
699987	799985	741.7213316666666	804.7701666666667	867.6019983333333	910.9594983333334	1061.4793333333334	803.755335	867.6216683333333	857.7238333333333	768.0813316666666	830.8096666666667
699987	849984	724.4646666666666	904.9456683333333	726.2891666666667	1029.9965	1185.3375016666666	841.3541666666666	773.6386666666667	828.1004983333333	823.6851666666666	767.7716666666666
699987	899983	863.771	732.656665	743.8846666666667	933.6583333333333	876.8531666666667	957.2463333333334	1107.083	990.9066683333333	899.0618333333333	803.461165
699987	949982	1132.792165	1085.8615	1092.156335	1118.0176666666666	1114.6084983333333	917.672	1348.864165	955.5205	766.5810016666667	787.207
699987	999981	750.2666666666667	778.1266666666667	802.714	737.8341666666666	735.8098333333334	889.016	830.4291666666667	837.5624983333333	778.0585	765.8618333333334
749986	1	780.4371666666667	785.4945016666667	796.3585016666667	831.262	780.9763333333333	829.1988333333334	828.0093333333333	818.1826683333334	911.0970016666666	861.0350016666666
749986	50000	730.9751666666667	755.2616683333333	744.9726666666667	791.0113333333334	751.8333333333334	841.1198333333333	858.1024983333333	838.4661666666667	804.7848333333334	875.0800016666667
749986	99999	819.132835	746.4968316666667	843.2613333333334	763.1118333333334	777.3071666666667	768.516	771.0813333333333	759.0914983333333	809.5548333333334	831.7318316666667
749986	149998	750.9213333333333	741.8236666666667	999.0453333333334	843.6456666666667	824.2911666666666	753.4691666666666	880.7900016666666	943.6364983333333	1053.3156666666666	883.2655
749986	199997	836.2768316666667	910.326	826.642835	840.1025	1440.7826666666667	1058.8886666666667	1111.8129983333333	878.565665	1337.4495016666667	1605.0498333333333
749986	249996	975.170335	1080.8383333333334	1196.4918316666667	1150.321665	893.4943333333333	824.112165	876.8376666666667	1003.6043333333333	871.3613316666666	927.0345
749986	299995	805.0389983333333	805.0976666666667	791.3248333333333	920.9118333333333	754.2838333333333	940.6665	776.3495016666667	783.7784983333333	747.7836683333334	775.0244983333333
749986	349994	737.0106666666667	688.2935016666667	741.9251666666667	738.3538333333333	751.9223333333333	740.0888333333334	729.7313333333333	748.4551666666666	766.138	755.8521666666667
749986	399993	791.4785	789.5880016666666	813.5421666666666	714.550165	754.181835	744.668835	769.3336666666667	755.6301666666667	785.3261666666667	762.6018333333334
749986	449992	682.3218316666666	714.210835	715.955	762.1326666666666	737.3583333333333	735.7675	780.2416683333333	719.9691666666666	798.3961666666667	803.244
749986	499991	724.139	778.1538333333333	767.5263333333334	762.6636666666667	787.7638333333333	784.2561666666667	752.0068333333334	763.8445	817.095	742.666
749986	549990	726.427	738.9228316666666	1195.5395	803.7673333333333	773.5111666666667	849.6061666666667	914.3995	805.1063333333333	861.221165	797.7538333333333
749986	599989	768.2944983333333	794.8293333333334	873.3336683333333	914.2451683333334	743.9901666666667	893.3595	988.1696666666667	1011.6131666666666	1083.3561666666667	826.1944983333333
749986	649988	898.473835	835.7108333333333	825.4809983333333	782.514	947.7778333333333	1044.2078333333334	769.354	793.787335	747.0593333333334	749.9068333333333
749986	699987	707.9186666666667	697.5173333333333	774.7065016666667	756.0274983333334	928.8681666666666	794.8534983333333	741.1741666666667	861.5526666666667	992.9846666666666	796.4156683333333
749986	749986	880.937	733.8531666666667	1030.176	846.0643333333334	845.7303316666666	930.8030016666667	751.4563333333333	836.1095	797.279335	766.6928333333333
749986	799985	742.7418333333334	749.591	1036.2868333333333	809.3998333333333	856.4054983333333	772.5186666666667	794.687665	807.5040016666667	839.252	820.226335
749986	849984	772.2313333333333	803.2001683333333	729.161665	1282.764835	1834.594	1817.710165	1503.0816683333333	1134.281165	1051.4595	1429.645
749986	899983	1126.3231666666666	835.0259983333333	1263.009335	860.164	904.386	945.443	838.0774983333333	856.430165	824.816	859.5793333333334
749986	949982	871.9514983333333	824.0436666666667	748.316	868.591165	776.6086666666666	741.9163333333333	757.145	1079.2881666666667	790.6816666666666	1273.444165
749986	999981	885.469835	879.6568333333333	764.6023316666667	854.1725	988.5925016666666	1147.1578333333334	831.8461666666667	860.129	836.8475	785.6444983333333
799985	1	752.840335	766.4491666666667	734.1301666666667	788.1659983333333	850.9706666666667	865.3153333333333	782.5438333333333	781.972	1004.1316666666667	808.7346666666666
799985	50000	951.3173333333333	774.522	760.6306666666667	725.6005	760.983665	729.7006683333333	753.7206666666667	721.3793333333333	729.4646683333333	722.4753333333333
799985	99999	745.0953333333333	685.7146666666666	824.0231666666666	773.088	804.1	729.269	724.459835	753.3323316666666	838.108165	818.5305
799985	149998	896.780335	1175.1253316666666	1202.0454983333334	1132.6095	1227.1416683333334	835.6515016666667	997.0671666666667	1466.3786666666667	849.4693333333333	791.0379983333333
799985	199997	723.0763333333333	727.9578316666667	705.2065	808.1593333333333	773.0536683333333	738.3296683333333	771.607835	726.1673333333333	751.9751666666667	771.8028333333333
799985	249996	726.7809983333333	719.941165	743.0121666666666	773.7081666666667	781.5948333333333	765.0498333333334	793.3020016666667	774.9881666666666	794.5281683333334	786.1670016666667
799985	299995	727.3503333333333	777.254335	707.173335	828.6508333333334	770.8698316666666	787.1441666666667	843.422	787.6823333333333	773.571335	820.8506666666667
799985	349994	737.2088333333334	739.8613333333333	760.455835	738.8988333333333	744.4503333333333	741.4516666666667	801.9309983333334	810.7761666666667	738.791	813.4646666666666
799985	399993	726.3423333333334	704.3521666666667	709.7095	798.6921666666667	735.6341683333334	790.7411666666667	798.6751666666667	743.533665	833.2321666666667	832.3341666666666
799985	449992	741.0321666666666	747.889	755.986165	730.355	800.8506666666667	769.9128333333333	868.4056683333333	771.751	791.2565016666666	797.1556666666667
799985	499991	753.547	736.7568333333334	730.1133333333333	782.3361666666667	762.8305	744.155	751.269335	772.861835	777.743	753.113165
799985	549990	733.1833333333333	834.3373333333333	844.6076666666667	816.6065	848.4748333333333	994.8549983333334	863.567	901.3345	825.6643333333334	799.2465
799985	599989	807.195835	762.458165	716.6483316666666	779.170665	802.1809983333334	788.196165	815.4378333333333	905.6163333333334	801.2813316666667	810.480165
799985	649988	818.6165	811.5066683333333	729.0996666666666	787.899	744.9686666666666	783.285	783.5234983333334	760.593335	890.4225	770.5258333333334
799985	699987	701.114165	712.4661666666667	753.7770016666667	732.8341683333333	745.8331666666667	751.1791666666667	735.908835	772.824	796.5953333333333	770.8256666666666
799985	749986	749.327335	715.267835	746.8335	746.7270016666666	759.0706683333333	747.5205	749.0355	749.0928333333334	753.3538333333333	745.9689983333334
799985	799985	724.6534983333333	704.483665	759.1533316666666	724.866	743.229835	821.6926666666667	815.067	737.5116666666667	1094.7105	795.3886666666667
799985	849984	702.9888333333333	714.5885	754.6001666666667	854.7865016666667	797.4108333333334	793.1338316666667	824.282335	815.4756683333334	776.9338316666667	1040.739
799985	899983	1759.1485	1342.2605	1793.8101666666666	1252.7313333333334	1057.359665	762.817	878.1311666666667	866.5351666666667	878.1865	795.5395
799985	949982	873.1353333333333	866.9535	1053.138165	1345.2356666666667	1318.7596666666666	1303.2804983333333	1703.1333316666667	1671.6478333333334	1612.183335	1732.8886666666667
799985	999981	2195.144998333333	1775.5775016666666	1799.7049983333334	1366.4835	1613.8265016666667	1010.8268316666666	934.2549983333333	1071.6501666666666	988.103	1570.0133333333333
849984	1	1246.162	946.551835	1292.8101683333334	1414.7358333333334	2550.974333333333	2474.574833333333	2266.419835	1159.0601666666666	1090.109335	996.2018333333333
849984	50000	1163.5516666666667	1100.9769983333333	1144.486665	978.0169983333333	1484.479165	1589.4778333333334	906.2533333333333	923.3625016666666	955.9023316666667	1515.1501666666666
849984	99999	1270.9638333333332	1406.8024983333332	890.6865	986.1498316666666	1058.3271666666667	1170.5943333333332	1268.0696683333333	1063.5791666666667	927.4711666666667	1020.0141666666667
849984	149998	1029.388	910.2945	914.9983333333333	1973.9499983333333	1190.0669983333332	1173.2118333333333	1208.5959983333332	1356.946335	1119.6384983333332	1019.2501666666667
849984	199997	984.3481683333333	1022.5315	1100.7711666666667	1067.2240016666667	1049.7763333333332	1030.7611666666667	1247.9743333333333	1257.6673316666668	1028.3026683333333	1331.3308316666667
849984	249996	1363.0841666666668	1510.543	1574.4095	1454.622835	1470.192165	1168.6183333333333	1013.520665	1071.8698316666666	954.8833333333333	931.9173316666667
849984	299995	1053.957335	1003.423335	904.5305	849.6874983333333	1011.066	878.1759983333334	869.049	843.2528333333333	852.7165	848.2171666666667
849984	349994	847.8876666666666	941.856665	878.4266666666666	891.2611683333333	899.111	866.8806666666667	843.061	875.2446666666667	824.5048316666666	850.2736683333334
849984	399993	849.4625	889.2668316666667	833.9311666666666	843.73	873.1348333333333	840.491835	838.9993316666666	858.6668316666667	1390.473335	1486.7983333333334
849984	449992	1536.0496666666666	1282.0873333333334	1156.9766683333332	1162.4548333333332	1125.9143333333334	1044.5446683333332	1083.612835	1071.6191666666666	1016.7956666666666	1057.0845
849984	499991	1033.8576666666668	1031.4455	1060.0753333333334	991.3695	1042.9141666666667	1056.8046683333334	1022.9725	1028.8966666666668	1017.2638333333333	1040.354
849984	549990	834.1658333333334	1094.3788316666667	873.1256683333334	953.4648333333333	831.1078333333334	858.9031666666667	850.6459983333333	844.9551666666666	974.7428333333334	833.9518333333333
849984	599989	833.9335	931.2861666666666	912.1626683333334	865.1348333333333	934.7470016666666	997.7465	980.5023333333334	1025.7871666666667	961.6515	860.697
849984	649988	841.2093316666667	833.7248333333333	811.7123333333333	852.4953333333333	853.9619983333333	850.0983333333334	860.136	841.1795	826.1976666666667	847.3551666666667
849984	699987	832.719	819.010165	804.6858333333333	903.056	842.8875	864.724	836.7901683333333	845.1425	860.1068333333334	839.1324983333334
849984	749986	799.3863333333334	812.918	782.283835	851.0958316666666	832.5535	840.4341683333333	818.0978333333334	868.2748333333333	815.0549983333333	917.685835
849984	799985	930.8964983333333	815.9321683333334	810.0698333333333	842.7318333333334	907.472835	870.6155	847.9203333333334	908.3201683333333	817.8403333333333	885.0016666666667
849984	849984	836.369165	846.4801666666667	800.9475	844.676	851.4466683333334	876.3873316666667	890.9966666666667	846.6976683333334	827.7788333333333	865.1811683333333
849984	899983	788.3536666666666	808.5463333333333	827.2988316666666	827.7526666666666	897.2115	855.7241666666666	863.530335	938.6341666666667	877.9043333333333	861.508
849984	949982	934.0563316666667	824.1776666666667	828.8204983333334	832.090335	854.8063316666667	849.7658333333334	843.0586666666667	845.2718333333333	858.6098316666667	844.042165
849984	999981	838.4711666666667	789.7015	823.7848333333334	800.7924983333334	832.8116666666666	880.0299983333333	855.3054983333334	856.3153333333333	840.1359983333333	827.6228333333333
899983	1	845.6183333333333	790.08	798.3319983333333	831.6865016666667	842.1765	847.2438333333333	864.1983333333334	815.0669983333333	820.2985016666667	891.29
899983	50000	874.6196666666667	823.5048316666666	816.9315	867.8461683333334	850.4051666666667	862.7388333333333	913.4260016666667	831.121335	832.7196666666666	840.0268333333333
899983	99999	842.2291683333333	775.4826666666667	825.5551666666667	849.7158333333333	825.5265	823.691165	861.675	832.6691666666667	834.3711666666667	889.9319983333334
899983	149998	832.8168333333333	803.2558333333334	805.3268333333333	845.5471666666666	851.539	816.6375016666667	855.2981666666667	839.852665	886.1253333333333	1094.4135
899983	199997	927.5185	910.9851666666667	945.024835	941.0741666666667	980.772835	923.848165	946.8360016666667	931.689	839.1181666666666	858.1471683333333
899983	249996	827.2683333333333	820.3861666666667	827.8166666666667	825.774665	821.4778333333334	857.364	837.0018316666667	827.4253333333334	855.174665	880.9155
899983	299995	844.1245	847.011	810.8533333333334	828.2885	837.464335	808.0955	843.6553333333334	863.5263333333334	852.1901666666666	832.124165
899983	349994	846.0808333333333	883.790335	800.4835	824.6325	910.4429983333333	869.5548333333334	870.2873333333333	868.0340016666667	822.5866666666667	853.7521666666667
899983	399993	805.1140016666667	826.8858333333334	811.6661666666666	845.7086683333333	844.9966666666667	852.9741666666666	844.165335	831.0955016666667	842.6685	865.0560016666667
899983	449992	843.1641666666667	799.8586666666666	846.395835	840.8833333333333	855.0736683333333	858.1286666666666	868.875165	829.940665	921.5358333333334	846.3313316666666
899983	499991	831.3705	803.291665	877.289	890.3756666666667	852.0551683333333	874.2361666666667	862.8924983333334	945.5476683333334	864.9443316666667	854.8306683333333
899983	549990	842.6693333333334	830.989	781.8076666666667	835.2866666666666	841.6045016666667	824.5488333333333	810.59	842.9773316666667	839.8325016666666	841.582335
899983	599989	819.1433333333333	810.0996666666666	909.7728316666667	1275.679665	1120.3866683333333	867.8096666666667	903.6773316666666	873.5898333333333	872.1341666666667	896.3258316666667
899983	649988	850.8831666666666	888.9934983333334	977.5853316666667	882.5816666666667	873.1281666666666	899.8833333333333	873.5761666666667	908.893165	903.2533333333333	870.4111666666666
899983	699987	842.2531666666666	857.4340016666666	847.3605	845.2425	852.2533333333333	836.266	862.7753333333334	854.0345016666666	844.5551683333333	892.3461666666667
899983	749986	806.739	809.9115	789.5936683333333	879.4595	895.3418333333333	964.2288316666667	841.9053333333334	869.8958333333334	833.6225016666667	837.6216666666667
899983	799985	837.7525	815.5118333333334	796.2076666666667	832.0755	922.3616666666667	901.5911666666667	973.6583333333333	1037.2568316666666	936.2441666666666	1035.6891683333333
899983	849984	887.092	923.9713333333333	922.8071683333334	862.5003333333333	917.545	861.8061666666666	853.4551666666666	872.4335016666666	848.6606666666667	867.4951666666667
899983	899983	813.805	844.8006683333333	811.855335	849.7918316666667	866.8386666666667	885.303835	833.088165	918.774165	850.349835	848.7981683333334
899983	949982	829.979335	808.8915	811.2985	885.3671683333333	949.2226683333333	863.032	892.8353333333333	822.0513333333333	841.9453333333333	851.809165
899983	999981	896.5151666666667	793.4436666666667	792.4886666666666	844.8285016666666	850.599165	840.5814983333333	858.7876666666667	842.0925	861.7655016666666	860.1141666666666
949982	1	816.5268333333333	836.2778333333333	849.8468316666666	855.5833316666667	827.773835	870.7598333333333	897.6358333333334	841.6585	845.105	873.8028333333333
949982	50000	803.5986666666666	773.203	784.1865	848.031665	860.0243333333333	882.4628316666667	841.448	859.8016666666666	829.264	833.892
949982	99999	838.3935016666667	835.7426666666667	906.778	833.786	842.1341666666667	847.5925	862.7331666666666	1050.558165	903.3674983333333	869.731335
949982	149998	838.127835	809.4395	881.9488333333334	855.797	881.9631666666667	884.599665	837.2115	893.9168316666667	888.5096666666667	889.132
949982	199997	848.522165	828.3271666666667	829.6466666666666	853.5368333333333	855.6446666666667	900.3991666666667	900.2593333333333	867.4068333333333	860.9048333333334	835.1528333333333
949982	249996	834.3355	807.0025	819.4091666666667	894.2746683333334	830.902	886.0393316666666	860.681	846.9845	865.9939983333334	849.7569983333333
949982	299995	838.1963333333333	838.8025	791.877	860.5605	848.9851666666667	869.2708333333334	835.1458316666667	854.538835	853.8204983333334	886.5451666666667
949982	349994	809.3791683333334	825.142335	804.1053316666666	846.2376666666667	863.8766683333333	874.5891666666666	829.5331683333334	864.782165	880.956665	880.7818333333333
949982	399993	815.3939983333333	817.4741666666666	802.4345016666666	880.2715	955.4371666666667	1003.619665	966.3771666666667	937.6651666666667	948.1061666666667	1106.9769983333333
949982	449992	844.3353333333333	891.1768316666667	1375.283	1097.6285	1118.0938316666666	989.0356666666667	951.9128316666666	1064.1156666666666	1098.248	1091.387
949982	499991	950.9466666666667	840.1379983333334	829.2703333333334	862.0613333333333	866.042	929.4588333333334	877.1098333333333	872.454	822.3593316666667	851.6878333333333
949982	549990	840.4226666666667	846.5821666666667	827.7829983333334	865.3790016666667	928.0255016666666	840.1651666666667	909.3646666666667	851.6418333333334	851.9303316666667	840.3875016666667
949982	599989	837.2771666666666	780.9728316666667	822.2086666666667	812.8951666666667	814.8243333333334	872.3731683333333	835.133835	847.7665	982.2989983333333	921.4416666666667
949982	649988	788.8336666666667	805.6996666666666	829.545665	827.7114983333333	832.4071683333333	827.962	856.068	827.6668333333333	884.1773316666666	911.4018333333333
949982	699987	815.4298333333334	805.915	818.9244983333333	981.0803333333333	844.1811666666666	1011.9938333333333	889.0421666666666	822.3953333333334	842.9533316666667	890.0509983333334
949982	749986	809.8576666666667	791.2388333333333	808.5245	854.3876666666666	867.7571683333333	821.5440016666666	866.6105	861.8371683333334	891.1474983333334	847.7290016666667
949982	799985	793.963	889.1273316666667	846.2688316666666	848.7690016666667	847.841	852.075665	851.0426666666667	829.0554983333334	853.2485016666667	883.4306666666666
949982	849984	867.1471666666666	839.9456666666666	840.696	846.6481666666666	877.998	846.7685	882.8976683333333	872.4218333333333	856.4895	910.4884983333334
949982	899983	1188.991335	866.9776666666667	808.9386666666667	869.1758316666667	860.2136666666667	890.6833333333333	851.7553333333333	901.3828316666667	880.143665	838.2963316666667
949982	949982	837.0093333333333	839.742	844.9095	888.6991666666667	864.9819983333333	868.5073333333333	860.2291666666666	1178.8025	913.4556666666666	877.141
949982	999981	862.7206666666667	863.1348316666666	1115.0896666666667	899.0631666666667	875.625	876.2275	839.6833316666666	1067.2658316666666	936.4253333333334	1040.4328333333333
999981	1	980.2709983333333	920.2725	970.965665	945.428835	907.3983316666666	1036.9656666666667	838.2084983333333	833.3285016666666	863.477	851.8455
999981	50000	855.2225016666666	792.5011666666667	951.3728316666667	911.7121666666667	874.2576683333333	894.7618333333334	849.834665	850.4003333333334	886.2015	858.1693316666667
999981	99999	894.2448333333333	902.7313333333333	819.5893333333333	848.0856683333334	867.204165	883.103165	829.3843333333333	886.313	847.7101666666666	884.576
999981	149998	820.5268333333333	796.3941666666667	818.1721666666666	869.309165	853.7425016666666	887.7374983333333	847.5676666666667	889.558335	829.460665	900.270335
999981	199997	797.4716666666667	827.3676683333333	804.2556666666667	918.8618333333334	847.574335	867.9985016666667	828.4488333333334	867.7988333333333	816.9275	874.6365016666666
999981	249996	901.5243316666666	849.6678316666666	876.0621683333334	898.1883333333334	846.1308333333334	927.4405	863.5824983333333	838.1383333333333	1114.6358316666667	933.7345016666667
999981	299995	892.7681666666666	794.0394983333333	810.8253333333333	835.0926666666667	866.1479983333334	880.7523333333334	869.338835	824.5803333333333	898.7741666666667	823.973165
999981	349994	818.436835	775.539665	798.6876666666667	833.0553316666667	1060.5733333333333	899.5403333333334	900.4538333333334	847.3171666666667	843.1486666666667	885.3021666666667
999981	399993	933.5353333333334	885.9544983333333	868.8161666666666	869.1701666666667	824.5905	886.5806666666666	850.0356666666667	887.4806666666667	861.3166666666667	895.2263333333333
999981	449992	859.5658333333333	822.5871683333334	838.7295	853.941	841.0819983333333	885.8040016666666	854.2841666666667	884.7676666666666	864.8156666666666	876.7273333333334
999981	499991	832.0208333333334	805.9721666666667	937.0648333333334	890.5323333333333	831.9576666666667	942.8084983333333	876.503	852.081	846.3688333333333	917.791
999981	549990	893.922	870.5521666666667	827.3065	850.0421666666666	895.125665	875.0563333333333	934.412165	919.833665	868.0653333333333	876.3025
999981	599989	842.8198316666667	891.436165	874.1146666666667	971.4568333333333	942.7548333333333	995.626165	984.9800016666667	954.0723333333333	990.1665	1004.8211666666666
999981	649988	915.7613333333334	801.6518333333333	825.412	859.7978333333333	915.5358316666667	892.3290016666666	858.4786683333333	843.0183333333333	955.9565	1439.108
999981	699987	871.6981683333333	830.6916666666667	820.1253333333333	871.9821666666667	866.1755	925.5316683333333	911.2148333333333	860.8420016666666	867.2403333333333	872.8991666666667
999981	749986	922.6091666666666	901.0213333333334	800.1463316666667	833.7048316666667	859.0643316666667	846.1068316666667	843.0543333333334	838.9403333333333	850.6646683333333	867.9341666666667
999981	799985	792.922835	818.3686666666666	832.3455	871.5485	857.8246666666666	907.950165	884.9503333333333	831.3263333333333	901.0354983333333	867.4106666666667
999981	849984	805.516	900.8595	796.8063333333333	817.081	833.511	989.757	903.1285	835.5675	850.3115	831.1453333333334
999981	899983	815.1895	787.121665	875.9821666666667	843.0916683333334	876.7043333333334	855.8436666666666	849.6735	875.292335	863.1585	1003.1491683333334
999981	949982	830.618	856.1373333333333	843.2123333333333	845.7881666666667	872.3251666666666	858.7136666666667	869.2373333333334	906.4328333333333	861.5783333333334	849.4688333333334
999981	999981	847.1671666666666	838.6481666666666	847.0878333333334	832.0424983333334	954.515	890.9866666666667	867.0036666666666	857.8936666666667	855.5193333333333	847.0053333333333
